uncorrupt_phrase_line_num,corrupt_phrase_line_num
1,2
6,7
13,14
17,18
20,21
22,23
26,27
30,31
34,35
38,39
41,42
45,46
48,49
51,52
58,59
66,67
68,69
72,73
76,77
80,81
82,83
87,88
90,91
94,95
96,97
98,99
103,104
109,110
112,113
114,115
117,118
120,121
124,125
127,128
131,132
139,140
144,145
147,148
150,151
155,156
161,162
168,169
174,175
176,177
181,182
185,186
189,190
191,192
194,195
198,199
203,204
207,208
211,212
214,215
216,217
220,221
225,226
231,232
237,238
240,241
243,244
245,246
248,249
250,251
252,253
255,256
258,259
264,265
268,269
272,273
277,278
280,281
283,284
285,286
287,288
293,294
297,298
299,300
301,302
308,309
315,316
318,319
321,322
327,328
333,334
336,337
339,340
346,347
353,354
355,356
357,358
362,363
367,368
370,371
372,373
376,377
379,380
383,384
387,388
389,390
391,392
394,395
397,398
400,401
404,405
407,408
410,411
412,413
415,416
420,421
424,425
427,428
430,431
433,434
439,440
444,445
447,448
449,450
452,453
456,457
459,460
461,462
464,465
468,469
474,475
479,480
481,482
483,484
488,489
492,493
495,496
497,498
499,500
505,506
512,513
514,515
516,517
519,520
521,522
525,526
530,531
532,533
534,535
537,538
541,542
545,546
549,550
552,553
556,557
559,560
562,563
564,565
567,568
569,570
572,573
576,577
578,579
580,581
583,584
586,587
589,590
592,593
596,597
601,602
607,608
613,614
616,617
619,620
621,622
623,624
626,627
632,633
635,636
639,640
642,643
644,645
646,647
648,649
652,653
657,658
663,664
666,667
672,673
679,680
684,685
689,690
695,696
702,703
707,708
712,713
717,718
721,722
726,727
730,731
732,733
734,735
736,737
738,739
744,745
750,751
753,754
757,758
759,760
764,765
769,770
771,772
775,776
777,778
779,780
782,783
785,786
789,790
793,794
799,800
806,807
810,811
815,816
818,819
823,824
832,833
839,840
841,842
843,844
847,848
850,851
857,858
864,865
866,867
873,874
878,879
880,881
883,884
887,888
889,890
892,893
896,897
905,906
915,916
920,921
925,926
929,930
933,934
936,937
940,941
946,947
952,953
955,956
957,958
960,961
964,965
968,969
971,972
974,975
977,978
980,981
982,983
985,986
987,988
993,994
1001,1002
1004,1005
1009,1010
1011,1012
1013,1014
1016,1017
1019,1020
1021,1022
1023,1024
1025,1026
1027,1028
1029,1030
1033,1034
1035,1036
1042,1043
1050,1051
1053,1054
1055,1056
1065,1066
1072,1073
1075,1076
1077,1078
1084,1085
1091,1092
1093,1094
1095,1096
1098,1099
1102,1103
1106,1107
1109,1110
1111,1112
1114,1115
1116,1117
1123,1124
1131,1132
1134,1135
1137,1138
1141,1142
1148,1149
1155,1156
1161,1162
1168,1169
1170,1171
1172,1173
1176,1177
1180,1181
1187,1188
1193,1194
1196,1197
1199,1200
1201,1202
1203,1204
1209,1210
1216,1217
1219,1220
1222,1223
1225,1226
1228,1229
1234,1235
1241,1242
1245,1246
1248,1249
1251,1252
1255,1256
1258,1259
1260,1261
1264,1265
1268,1269
1271,1272
1275,1276
1279,1280
1284,1285
1289,1290
1292,1293
1296,1297
1301,1302
1306,1307
1309,1310
1312,1313
1316,1317
1320,1321
1326,1327
1332,1333
1335,1336
1338,1339
1343,1344
1348,1349
1351,1352
1356,1357
1361,1362
1365,1366
1370,1371
1374,1375
1377,1378
1381,1382
1384,1385
1387,1388
1390,1391
1392,1393
1397,1398
1399,1400
1402,1403
1406,1407
1409,1410
1413,1414
1417,1418
1420,1421
1422,1423
1427,1428
1432,1433
1435,1436
1437,1438
1442,1443
1446,1447
1450,1451
1453,1454
1457,1458
1461,1462
1463,1464
1465,1466
1469,1470
1475,1476
1479,1480
1482,1483
1485,1486
1488,1489
1492,1493
1497,1498
1503,1504
1509,1510
1512,1513
1515,1516
1520,1521
1526,1527
1531,1532
1537,1538
1541,1542
1544,1545
1547,1548
1551,1552
1557,1558
1561,1562
1563,1564
1565,1566
1567,1568
1571,1572
1575,1576
1580,1581
1584,1585
1588,1589
1590,1591
1594,1595
1597,1598
1600,1601
1604,1605
1608,1609
1611,1612
1615,1616
1619,1620
1624,1625
1629,1630
1633,1634
1637,1638
1641,1642
1644,1645
1648,1649
1653,1654
1657,1658
1661,1662
1663,1664
1667,1668
1672,1673
1677,1678
1683,1684
1689,1690
1693,1694
1696,1697
1703,1704
1710,1711
1714,1715
1716,1717
1721,1722
1726,1727
1731,1732
1737,1738
1745,1746
1750,1751
1755,1756
1760,1761
1763,1764
1765,1766
1770,1771
1774,1775
1781,1782
1789,1790
1795,1796
1799,1800
1803,1804
1805,1806
1807,1808
1809,1810
1814,1815
1818,1819
1824,1825
1828,1829
1831,1832
1833,1834
1835,1836
1837,1838
1842,1843
1848,1849
1850,1851
1854,1855
1856,1857
1860,1861
1863,1864
1867,1868
1872,1873
1874,1875
1876,1877
1878,1879
1880,1881
1883,1884
1888,1889
1891,1892
1894,1895
1899,1900
1903,1904
1906,1907
1909,1910
1911,1912
1915,1916
1919,1920
1921,1922
1925,1926
1929,1930
1931,1932
1933,1934
1935,1936
1937,1938
1942,1943
1949,1950
1951,1952
1953,1954
1956,1957
1962,1963
1966,1967
1973,1974
1978,1979
1982,1983
1985,1986
1988,1989
1992,1993
1995,1996
1999,2000
2002,2003
2005,2006
2009,2010
2015,2016
2021,2022
2025,2026
2028,2029
2034,2035
2041,2042
2048,2049
2055,2056
2058,2059
2061,2062
2065,2066
2071,2072
2075,2076
2081,2082
2084,2085
2087,2088
2094,2095
2102,2103
2105,2106
2109,2110
2112,2113
2114,2115
2116,2117
2119,2120
2122,2123
2125,2126
2129,2130
2132,2133
2136,2137
2140,2141
2143,2144
2145,2146
2147,2148
2149,2150
2151,2152
2154,2155
2159,2160
2163,2164
2168,2169
2172,2173
2177,2178
2180,2181
2184,2185
2188,2189
2193,2194
2199,2200
2204,2205
2210,2211
2213,2214
2217,2218
2220,2221
2223,2224
2229,2230
2235,2236
2240,2241
2244,2245
2250,2251
2253,2254
2257,2258
2261,2262
2264,2265
2269,2270
2273,2274
2278,2279
2280,2281
2282,2283
2286,2287
2289,2290
2293,2294
2297,2298
2300,2301
2303,2304
2305,2306
2308,2309
2312,2313
2316,2317
2320,2321
2323,2324
2326,2327
2331,2332
2335,2336
2337,2338
2339,2340
2341,2342
2346,2347
2349,2350
2353,2354
2357,2358
2361,2362
2365,2366
2368,2369
2372,2373
2374,2375
2376,2377
2378,2379
2380,2381
2385,2386
2388,2389
2391,2392
2394,2395
2398,2399
2401,2402
2407,2408
2410,2411
2413,2414
2422,2423
2431,2432
2435,2436
2438,2439
2440,2441
2444,2445
2447,2448
2452,2453
2456,2457
2458,2459
2460,2461
2462,2463
2464,2465
2468,2469
2472,2473
2474,2475
2476,2477
2478,2479
2480,2481
2484,2485
2489,2490
2492,2493
2498,2499
2502,2503
2509,2510
2512,2513
2515,2516
2519,2520
2525,2526
2529,2530
2532,2533
2536,2537
2541,2542
2546,2547
2556,2557
2566,2567
2573,2574
2578,2579
2583,2584
2588,2589
2592,2593
2597,2598
2600,2601
2605,2606
2610,2611
2613,2614
2616,2617
2619,2620
2622,2623
2625,2626
2627,2628
2630,2631
2633,2634
2638,2639
2641,2642
2646,2647
2649,2650
2652,2653
2655,2656
2659,2660
2663,2664
2668,2669
2674,2675
2678,2679
2684,2685
2689,2690
2692,2693
2697,2698
2700,2701
2703,2704
2707,2708
2712,2713
2719,2720
2723,2724
2727,2728
2730,2731
2733,2734
2738,2739
2742,2743
2745,2746
2747,2748
2751,2752
2753,2754
2755,2756
2759,2760
2762,2763
2765,2766
2768,2769
2771,2772
2775,2776
2779,2780
2782,2783
2786,2787
2791,2792
2793,2794
2795,2796
2800,2801
2807,2808
2812,2813
2815,2816
2820,2821
2826,2827
2829,2830
2832,2833
2836,2837
2840,2841
2842,2843
2845,2846
2848,2849
2850,2851
2854,2855
2857,2858
2859,2860
2861,2862
2865,2866
2869,2870
2874,2875
2879,2880
2884,2885
2886,2887
2890,2891
2893,2894
2896,2897
2899,2900
2905,2906
2910,2911
2915,2916
2920,2921
2925,2926
2931,2932
2936,2937
2939,2940
2943,2944
2946,2947
2948,2949
2950,2951
2953,2954
2957,2958
2959,2960
2962,2963
2964,2965
2967,2968
2970,2971
2973,2974
2978,2979
2981,2982
2988,2989
2997,2998
3000,3001
3004,3005
3009,3010
3016,3017
3021,3022
3027,3028
3030,3031
3032,3033
3034,3035
3036,3037
3038,3039
3041,3042
3043,3044
3046,3047
3048,3049
3051,3052
3056,3057
3062,3063
3064,3065
3068,3069
3072,3073
3075,3076
3078,3079
3084,3085
3088,3089
3093,3094
3098,3099
3100,3101
3102,3103
3107,3108
3112,3113
3114,3115
3116,3117
3120,3121
3123,3124
3127,3128
3130,3131
3133,3134
3137,3138
3140,3141
3142,3143
3147,3148
3153,3154
3157,3158
3163,3164
3166,3167
3169,3170
3172,3173
3176,3177
3180,3181
3184,3185
3186,3187
3188,3189
3192,3193
3197,3198
3200,3201
3203,3204
3207,3208
3212,3213
3215,3216
3217,3218
3220,3221
3226,3227
3229,3230
3233,3234
3237,3238
3242,3243
3244,3245
3247,3248
3251,3252
3255,3256
3259,3260
3263,3264
3265,3266
3267,3268
3272,3273
3277,3278
3280,3281
3282,3283
3285,3286
3288,3289
3292,3293
3294,3295
3298,3299
3302,3303
3306,3307
3308,3309
3311,3312
3316,3317
3321,3322
3324,3325
3328,3329
3331,3332
3334,3335
3336,3337
3338,3339
3344,3345
3350,3351
3355,3356
3361,3362
3364,3365
3369,3370
3373,3374
3377,3378
3380,3381
3384,3385
3388,3389
3391,3392
3393,3394
3397,3398
3400,3401
3403,3404
3407,3408
3411,3412
3415,3416
3418,3419
3425,3426
3429,3430
3434,3435
3441,3442
3448,3449
3456,3457
3461,3462
3466,3467
3471,3472
3477,3478
3480,3481
3483,3484
3485,3486
3487,3488
3493,3494
3499,3500
3502,3503
3506,3507
3512,3513
3518,3519
3523,3524
3527,3528
3529,3530
3531,3532
3534,3535
3538,3539
3543,3544
3547,3548
3549,3550
3552,3553
3556,3557
3559,3560
3562,3563
3565,3566
3569,3570
3573,3574
3575,3576
3578,3579
3581,3582
3587,3588
3593,3594
3596,3597
3599,3600
3602,3603
3606,3607
3610,3611
3612,3613
3615,3616
3618,3619
3623,3624
3626,3627
3630,3631
3634,3635
3636,3637
3638,3639
3642,3643
3646,3647
3648,3649
3650,3651
3653,3654
3657,3658
3662,3663
3668,3669
3670,3671
3673,3674
3675,3676
3678,3679
3683,3684
3690,3691
3696,3697
3701,3702
3705,3706
3709,3710
3712,3713
3716,3717
3719,3720
3722,3723
3727,3728
3730,3731
3734,3735
3742,3743
3745,3746
3747,3748
3754,3755
3758,3759
3764,3765
3772,3773
3774,3775
3778,3779
3781,3782
3784,3785
3790,3791
3794,3795
3796,3797
3798,3799
3802,3803
3807,3808
3813,3814
3816,3817
3819,3820
3822,3823
3824,3825
3827,3828
3829,3830
3831,3832
3834,3835
3838,3839
3842,3843
3846,3847
3849,3850
3853,3854
3856,3857
3858,3859
3862,3863
3868,3869
3870,3871
3874,3875
3877,3878
3883,3884
3889,3890
3893,3894
3897,3898
3900,3901
3903,3904
3906,3907
3911,3912
3916,3917
3919,3920
3921,3922
3926,3927
3930,3931
3933,3934
3935,3936
3940,3941
3945,3946
3947,3948
3949,3950
3951,3952
3955,3956
3957,3958
3960,3961
3962,3963
3964,3965
3969,3970
3975,3976
3979,3980
3982,3983
3986,3987
3990,3991
3994,3995
3996,3997
4002,4003
4008,4009
4012,4013
4015,4016
4020,4021
4027,4028
4032,4033
4039,4040
4042,4043
4046,4047
4049,4050
4053,4054
4059,4060
4063,4064
4066,4067
4070,4071
4073,4074
4077,4078
4079,4080
4082,4083
4084,4085
4087,4088
4092,4093
4097,4098
4100,4101
4104,4105
4107,4108
4112,4113
4118,4119
4124,4125
4127,4128
4132,4133
4135,4136
4138,4139
4142,4143
4145,4146
4149,4150
4155,4156
4162,4163
4164,4165
4168,4169
4171,4172
4174,4175
4177,4178
4181,4182
4187,4188
4193,4194
4199,4200
4203,4204
4207,4208
4211,4212
4217,4218
4222,4223
4225,4226
4229,4230
4234,4235
4236,4237
4238,4239
4241,4242
4246,4247
4248,4249
4252,4253
4255,4256
4258,4259
4261,4262
4266,4267
4270,4271
4273,4274
4276,4277
4278,4279
4282,4283
4284,4285
4286,4287
4290,4291
4294,4295
4299,4300
4303,4304
4308,4309
4313,4314
4316,4317
4320,4321
4325,4326
4329,4330
4332,4333
4336,4337
4339,4340
4341,4342
4343,4344
4348,4349
4352,4353
4355,4356
4358,4359
4360,4361
4363,4364
4367,4368
4371,4372
4373,4374
4375,4376
4380,4381
4384,4385
4387,4388
4389,4390
4392,4393
4398,4399
4407,4408
4416,4417
4419,4420
4422,4423
4424,4425
4427,4428
4429,4430
4432,4433
4434,4435
4437,4438
4440,4441
4445,4446
4449,4450
4451,4452
4456,4457
4460,4461
4466,4467
4471,4472
4475,4476
4477,4478
4483,4484
4488,4489
4494,4495
4498,4499
4501,4502
4504,4505
4507,4508
4510,4511
4512,4513
4515,4516
4518,4519
4524,4525
4532,4533
4534,4535
4537,4538
4540,4541
4543,4544
4547,4548
4554,4555
4562,4563
4565,4566
4568,4569
4572,4573
4575,4576
4581,4582
4586,4587
4592,4593
4598,4599
4600,4601
4602,4603
4604,4605
4608,4609
4611,4612
4614,4615
4617,4618
4621,4622
4625,4626
4627,4628
4631,4632
4635,4636
4637,4638
4640,4641
4643,4644
4646,4647
4649,4650
4651,4652
4653,4654
4659,4660
4663,4664
4666,4667
4669,4670
4677,4678
4684,4685
4687,4688
4690,4691
4695,4696
4698,4699
4703,4704
4708,4709
4710,4711
4712,4713
4715,4716
4718,4719
4722,4723
4727,4728
4730,4731
4734,4735
4740,4741
4747,4748
4749,4750
4751,4752
4755,4756
4759,4760
4761,4762
4764,4765
4767,4768
4774,4775
4783,4784
4787,4788
4791,4792
4799,4800
4806,4807
4809,4810
4815,4816
4818,4819
4824,4825
4828,4829
4830,4831
4832,4833
4834,4835
4836,4837
4839,4840
4843,4844
4846,4847
4849,4850
4856,4857
4863,4864
4874,4875
4883,4884
4886,4887
4888,4889
4891,4892
4894,4895
4896,4897
4898,4899
4901,4902
4904,4905
4909,4910
4915,4916
4918,4919
4922,4923
4926,4927
4929,4930
4932,4933
4934,4935
4936,4937
4938,4939
4940,4941
4945,4946
4951,4952
4954,4955
4960,4961
4963,4964
4966,4967
4969,4970
4972,4973
4977,4978
4982,4983
4986,4987
4993,4994
4999,5000
5003,5004
5008,5009
5012,5013
5014,5015
5016,5017
5019,5020
5023,5024
5025,5026
5028,5029
5032,5033
5037,5038
5041,5042
5045,5046
5048,5049
5053,5054
5058,5059
5060,5061
5067,5068
5071,5072
5076,5077
5081,5082
5084,5085
5086,5087
5092,5093
5098,5099
5101,5102
5103,5104
5105,5106
5110,5111
5116,5117
5118,5119
5120,5121
5124,5125
5127,5128
5130,5131
5134,5135
5136,5137
5140,5141
5145,5146
5149,5150
5154,5155
5160,5161
5162,5163
5166,5167
5171,5172
5175,5176
5179,5180
5182,5183
5185,5186
5188,5189
5191,5192
5195,5196
5199,5200
5203,5204
5206,5207
5212,5213
5215,5216
5220,5221
5226,5227
5232,5233
5239,5240
5241,5242
5245,5246
5250,5251
5254,5255
5259,5260
5264,5265
5269,5270
5272,5273
5274,5275
5276,5277
5278,5279
5281,5282
5283,5284
5286,5287
5289,5290
5292,5293
5295,5296
5298,5299
5302,5303
5307,5308
5312,5313
5316,5317
5319,5320
5323,5324
5325,5326
5329,5330
5332,5333
5339,5340
5346,5347
5349,5350
5353,5354
5359,5360
5365,5366
5370,5371
5376,5377
5380,5381
5385,5386
5387,5388
5391,5392
5395,5396
5398,5399
5403,5404
5406,5407
5410,5411
5414,5415
5420,5421
5425,5426
5429,5430
5431,5432
5434,5435
5436,5437
5438,5439
5440,5441
5442,5443
5446,5447
5450,5451
5453,5454
5457,5458
5460,5461
5465,5466
5468,5469
5470,5471
5472,5473
5475,5476
5477,5478
5480,5481
5485,5486
5488,5489
5490,5491
5495,5496
5503,5504
5507,5508
5510,5511
5513,5514
5516,5517
5519,5520
5523,5524
5526,5527
5528,5529
5533,5534
5536,5537
5542,5543
5548,5549
5551,5552
5554,5555
5558,5559
5562,5563
5568,5569
5571,5572
5573,5574
5577,5578
5581,5582
5583,5584
5585,5586
5589,5590
5594,5595
5597,5598
5601,5602
5606,5607
5610,5611
5613,5614
5618,5619
5623,5624
5631,5632
5638,5639
5641,5642
5648,5649
5652,5653
5657,5658
5664,5665
5670,5671
5673,5674
5676,5677
5679,5680
5682,5683
5685,5686
5687,5688
5689,5690
5693,5694
5698,5699
5703,5704
5706,5707
5709,5710
5713,5714
5719,5720
5721,5722
5724,5725
5728,5729
5731,5732
5737,5738
5745,5746
5747,5748
5750,5751
5752,5753
5755,5756
5762,5763
5768,5769
5773,5774
5778,5779
5782,5783
5786,5787
5790,5791
5794,5795
5799,5800
5804,5805
5811,5812
5816,5817
5819,5820
5822,5823
5824,5825
5827,5828
5830,5831
5834,5835
5836,5837
5838,5839
5842,5843
5846,5847
5850,5851
5854,5855
5861,5862
5868,5869
5871,5872
5874,5875
5883,5884
5894,5895
5896,5897
5898,5899
5901,5902
5905,5906
5909,5910
5914,5915
5916,5917
5919,5920
5923,5924
5926,5927
5929,5930
5932,5933
5935,5936
5938,5939
5940,5941
5943,5944
5945,5946
5947,5948
5953,5954
5959,5960
5964,5965
5969,5970
5973,5974
5978,5979
5980,5981
5982,5983
5984,5985
5987,5988
5991,5992
5994,5995
5996,5997
5998,5999
6001,6002
6005,6006
6010,6011
6015,6016
6020,6021
6025,6026
6032,6033
6036,6037
6038,6039
6040,6041
6042,6043
6047,6048
6049,6050
6054,6055
6058,6059
6061,6062
6065,6066
6069,6070
6071,6072
6074,6075
6077,6078
6080,6081
6084,6085
6087,6088
6091,6092
6096,6097
6099,6100
6105,6106
6107,6108
6110,6111
6115,6116
6121,6122
6124,6125
6128,6129
6133,6134
6137,6138
6140,6141
6143,6144
6146,6147
6149,6150
6151,6152
6153,6154
6156,6157
6160,6161
6164,6165
6167,6168
6169,6170
6172,6173
6175,6176
6178,6179
6181,6182
6184,6185
6189,6190
6194,6195
6203,6204
6213,6214
6219,6220
6226,6227
6232,6233
6238,6239
6240,6241
6243,6244
6246,6247
6251,6252
6254,6255
6257,6258
6261,6262
6263,6264
6267,6268
6269,6270
6273,6274
6276,6277
6279,6280
6283,6284
6286,6287
6289,6290
6293,6294
6297,6298
6301,6302
6305,6306
6309,6310
6312,6313
6315,6316
6318,6319
6321,6322
6323,6324
6326,6327
6331,6332
6338,6339
6340,6341
6342,6343
6344,6345
6347,6348
6349,6350
6352,6353
6355,6356
6357,6358
6362,6363
6367,6368
6372,6373
6375,6376
6379,6380
6382,6383
6385,6386
6390,6391
6395,6396
6400,6401
6404,6405
6408,6409
6412,6413
6415,6416
6420,6421
6426,6427
6428,6429
6431,6432
6435,6436
6439,6440
6441,6442
6443,6444
6446,6447
6449,6450
6454,6455
6460,6461
6465,6466
6470,6471
6475,6476
6481,6482
6487,6488
6491,6492
6496,6497
6500,6501
6505,6506
6511,6512
6516,6517
6520,6521
6524,6525
6529,6530
6536,6537
6538,6539
6542,6543
6546,6547
6551,6552
6555,6556
6559,6560
6565,6566
6571,6572
6578,6579
6588,6589
6591,6592
6593,6594
6595,6596
6601,6602
6607,6608
6611,6612
6615,6616
6618,6619
6623,6624
6628,6629
6631,6632
6634,6635
6637,6638
6639,6640
6641,6642
6644,6645
6651,6652
6658,6659
6662,6663
6666,6667
6671,6672
6675,6676
6678,6679
6681,6682
6683,6684
6688,6689
6692,6693
6695,6696
6698,6699
6701,6702
6704,6705
6707,6708
6710,6711
6714,6715
6719,6720
6726,6727
6732,6733
6737,6738
6740,6741
6745,6746
6749,6750
6754,6755
6762,6763
6764,6765
6766,6767
6772,6773
6777,6778
6782,6783
6788,6789
6792,6793
6794,6795
6799,6800
6803,6804
6806,6807
6808,6809
6812,6813
6816,6817
6823,6824
6829,6830
6831,6832
6834,6835
6836,6837
6839,6840
6841,6842
6845,6846
6849,6850
6851,6852
6855,6856
6859,6860
6862,6863
6864,6865
6866,6867
6868,6869
6873,6874
6880,6881
6883,6884
6885,6886
6890,6891
6895,6896
6899,6900
6902,6903
6906,6907
6910,6911
6913,6914
6918,6919
6923,6924
6926,6927
6929,6930
6932,6933
6935,6936
6942,6943
6946,6947
6950,6951
6954,6955
6958,6959
6961,6962
6964,6965
6967,6968
6970,6971
6973,6974
6975,6976
6979,6980
6981,6982
6983,6984
6989,6990
6994,6995
6998,6999
7003,7004
7005,7006
7007,7008
7012,7013
7016,7017
7018,7019
7021,7022
7024,7025
7027,7028
7030,7031
7034,7035
7037,7038
7039,7040
7041,7042
7046,7047
7053,7054
7056,7057
7060,7061
7063,7064
7066,7067
7069,7070
7072,7073
7080,7081
7088,7089
7093,7094
7099,7100
7103,7104
7107,7108
7111,7112
7116,7117
7121,7122
7124,7125
7129,7130
7133,7134
7137,7138
7141,7142
7144,7145
7149,7150
7154,7155
7156,7157
7164,7165
7169,7170
7174,7175
7181,7182
7186,7187
7190,7191
7194,7195
7201,7202
7209,7210
7215,7216
7218,7219
7223,7224
7225,7226
7227,7228
7231,7232
7235,7236
7240,7241
7242,7243
7245,7246
7248,7249
7250,7251
7252,7253
7256,7257
7260,7261
7262,7263
7265,7266
7269,7270
7272,7273
7274,7275
7278,7279
7281,7282
7283,7284
7285,7286
7289,7290
7293,7294
7298,7299
7303,7304
7308,7309
7313,7314
7315,7316
7319,7320
7321,7322
7324,7325
7327,7328
7331,7332
7336,7337
7341,7342
7347,7348
7354,7355
7356,7357
7360,7361
7364,7365
7369,7370
7374,7375
7376,7377
7378,7379
7380,7381
7382,7383
7385,7386
7389,7390
7394,7395
7398,7399
7403,7404
7408,7409
7410,7411
7413,7414
7415,7416
7419,7420
7426,7427
7433,7434
7436,7437
7439,7440
7443,7444
7447,7448
7451,7452
7454,7455
7457,7458
7463,7464
7468,7469
7474,7475
7477,7478
7480,7481
7483,7484
7487,7488
7493,7494
7501,7502
7504,7505
7507,7508
7511,7512
7514,7515
7517,7518
7523,7524
7528,7529
7533,7534
7536,7537
7539,7540
7543,7544
7546,7547
7548,7549
7550,7551
7552,7553
7554,7555
7556,7557
7558,7559
7560,7561
7563,7564
7567,7568
7571,7572
7579,7580
7584,7585
7590,7591
7595,7596
7598,7599
7601,7602
7604,7605
7611,7612
7618,7619
7622,7623
7624,7625
7629,7630
7635,7636
7640,7641
7645,7646
7647,7648
7650,7651
7653,7654
7657,7658
7661,7662
7665,7666
7668,7669
7671,7672
7675,7676
7680,7681
7683,7684
7687,7688
7689,7690
7692,7693
7694,7695
7698,7699
7702,7703
7707,7708
7713,7714
7715,7716
7718,7719
7722,7723
7725,7726
7729,7730
7734,7735
7738,7739
7741,7742
7743,7744
7745,7746
7751,7752
7754,7755
7760,7761
7765,7766
7768,7769
7773,7774
7776,7777
7781,7782
7785,7786
7789,7790
7794,7795
7798,7799
7803,7804
7809,7810
7812,7813
7815,7816
7817,7818
7821,7822
7824,7825
7826,7827
7833,7834
7840,7841
7843,7844
7846,7847
7853,7854
7859,7860
7864,7865
7868,7869
7870,7871
7875,7876
7881,7882
7888,7889
7894,7895
7900,7901
7902,7903
7906,7907
7909,7910
7915,7916
7922,7923
7924,7925
7926,7927
7933,7934
7939,7940
7943,7944
7946,7947
7951,7952
7957,7958
7961,7962
7964,7965
7966,7967
7968,7969
7972,7973
7977,7978
7980,7981
7982,7983
7985,7986
7988,7989
7992,7993
7999,8000
8001,8002
8003,8004
8006,8007
8009,8010
8012,8013
8014,8015
8018,8019
8021,8022
8024,8025
8027,8028
8030,8031
8035,8036
8038,8039
8042,8043
8045,8046
8048,8049
8051,8052
8053,8054
8056,8057
8060,8061
8063,8064
8066,8067
8069,8070
8073,8074
8077,8078
8081,8082
8086,8087
8093,8094
8098,8099
8101,8102
8104,8105
8108,8109
8112,8113
8115,8116
8117,8118
8121,8122
8125,8126
8129,8130
8131,8132
8134,8135
8137,8138
8140,8141
8144,8145
8147,8148
8150,8151
8153,8154
8163,8164
8172,8173
8177,8178
8181,8182
8183,8184
8185,8186
8189,8190
8193,8194
8195,8196
8198,8199
8205,8206
8209,8210
8214,8215
8219,8220
8221,8222
8227,8228
8233,8234
8238,8239
8241,8242
8243,8244
8245,8246
8248,8249
8250,8251
8254,8255
8258,8259
8265,8266
8271,8272
8276,8277
8279,8280
8282,8283
8284,8285
8286,8287
8290,8291
8293,8294
8296,8297
8301,8302
8307,8308
8313,8314
8320,8321
8325,8326
8331,8332
8334,8335
8336,8337
8341,8342
8346,8347
8352,8353
8358,8359
8362,8363
8366,8367
8372,8373
8378,8379
8383,8384
8388,8389
8394,8395
8399,8400
8402,8403
8409,8410
8415,8416
8418,8419
8421,8422
8425,8426
8430,8431
8435,8436
8441,8442
8445,8446
8447,8448
8449,8450
8453,8454
8457,8458
8463,8464
8469,8470
8472,8473
8475,8476
8478,8479
8481,8482
8487,8488
8494,8495
8498,8499
8502,8503
8505,8506
8508,8509
8510,8511
8516,8517
8522,8523
8528,8529
8533,8534
8538,8539
8541,8542
8545,8546
8550,8551
8553,8554
8555,8556
8557,8558
8559,8560
8569,8570
8577,8578
8580,8581
8584,8585
8587,8588
8591,8592
8594,8595
8596,8597
8601,8602
8606,8607
8610,8611
8616,8617
8618,8619
8623,8624
8626,8627
8632,8633
8638,8639
8643,8644
8646,8647
8652,8653
8659,8660
8661,8662
8664,8665
8667,8668
8675,8676
8682,8683
8688,8689
8693,8694
8698,8699
8703,8704
8707,8708
8711,8712
8715,8716
8723,8724
8732,8733
8739,8740
8745,8746
8753,8754
8756,8757
8762,8763
8769,8770
8776,8777
8784,8785
8788,8789
8792,8793
8796,8797
8801,8802
8804,8805
8806,8807
8811,8812
8816,8817
8820,8821
8823,8824
8826,8827
8829,8830
8831,8832
8834,8835
8837,8838
8842,8843
8846,8847
8849,8850
8852,8853
8856,8857
8858,8859
8860,8861
8864,8865
8868,8869
8874,8875
8878,8879
8881,8882
8886,8887
8890,8891
8892,8893
8894,8895
8897,8898
8899,8900
8901,8902
8904,8905
8907,8908
8912,8913
8917,8918
8923,8924
8930,8931
8935,8936
8940,8941
8945,8946
8949,8950
8952,8953
8955,8956
8958,8959
8963,8964
8967,8968
8969,8970
8973,8974
8976,8977
8979,8980
8983,8984
8987,8988
8989,8990
8992,8993
8997,8998
9003,9004
9006,9007
9009,9010
9013,9014
9017,9018
9020,9021
9024,9025
9029,9030
9032,9033
9035,9036
9038,9039
9040,9041
9042,9043
9044,9045
9046,9047
9053,9054
9059,9060
9061,9062
9065,9066
9069,9070
9072,9073
9075,9076
9078,9079
9084,9085
9091,9092
9095,9096
9099,9100
9103,9104
9106,9107
9108,9109
9110,9111
9113,9114
9116,9117
9121,9122
9124,9125
9127,9128
9130,9131
9134,9135
9138,9139
9141,9142
9144,9145
9148,9149
9150,9151
9153,9154
9155,9156
9160,9161
9164,9165
9166,9167
9168,9169
9174,9175
9178,9179
9180,9181
9182,9183
9188,9189
9193,9194
9200,9201
9206,9207
9209,9210
9212,9213
9215,9216
9218,9219
9223,9224
9228,9229
9232,9233
9237,9238
9243,9244
9251,9252
9258,9259
9265,9266
9268,9269
9270,9271
9275,9276
9282,9283
9287,9288
9292,9293
9294,9295
9298,9299
9300,9301
9302,9303
9306,9307
9310,9311
9315,9316
9320,9321
9324,9325
9327,9328
9333,9334
9339,9340
9344,9345
9349,9350
9353,9354
9357,9358
9362,9363
9368,9369
9372,9373
9377,9378
9379,9380
9384,9385
9388,9389
9390,9391
9393,9394
9396,9397
9399,9400
9402,9403
9405,9406
9409,9410
9416,9417
9420,9421
9423,9424
9425,9426
9428,9429
9433,9434
9439,9440
9443,9444
9448,9449
9452,9453
9454,9455
9457,9458
9459,9460
9464,9465
9466,9467
9468,9469
9471,9472
9473,9474
9477,9478
9481,9482
9485,9486
9487,9488
9492,9493
9497,9498
9502,9503
9508,9509
9511,9512
9514,9515
9518,9519
9522,9523
9525,9526
9531,9532
9534,9535
9538,9539
9540,9541
9542,9543
9547,9548
9552,9553
9555,9556
9558,9559
9562,9563
9567,9568
9570,9571
9577,9578
9581,9582
9583,9584
9588,9589
9590,9591
9597,9598
9602,9603
9605,9606
9610,9611
9613,9614
9616,9617
9623,9624
9631,9632
9635,9636
9638,9639
9643,9644
9649,9650
9653,9654
9657,9658
9662,9663
9666,9667
9671,9672
9678,9679
9681,9682
9684,9685
9686,9687
9690,9691
9696,9697
9703,9704
9707,9708
9712,9713
9717,9718
9723,9724
9725,9726
9729,9730
9733,9734
9737,9738
9743,9744
9748,9749
9753,9754
9756,9757
9760,9761
9765,9766
9771,9772
9779,9780
9781,9782
9783,9784
9786,9787
9790,9791
9796,9797
9802,9803
9807,9808
9810,9811
9814,9815
9819,9820
9821,9822
9823,9824
9825,9826
9828,9829
9830,9831
9835,9836
9841,9842
9843,9844
9847,9848
9850,9851
9853,9854
9856,9857
9861,9862
9863,9864
9865,9866
9870,9871
9876,9877
9879,9880
9881,9882
9884,9885
9887,9888
9891,9892
9895,9896
9900,9901
9906,9907
9909,9910
9912,9913
9915,9916
9918,9919
9922,9923
9925,9926
9928,9929
9931,9932
9934,9935
9938,9939
9941,9942
9943,9944
9945,9946
9950,9951
9954,9955
9958,9959
9962,9963
9965,9966
9967,9968
9969,9970
9972,9973
9976,9977
9979,9980
9981,9982
9984,9985
9987,9988
9989,9990
9993,9994
9995,9996
9998,9999
10002,10003
10004,10005
10008,10009
10011,10012
10014,10015
10017,10018
10019,10020
10021,10022
10025,10026
10029,10030
10034,10035
10041,10042
10045,10046
10048,10049
10056,10057
10063,10064
10067,10068
10070,10071
10078,10079
10085,10086
10089,10090
10092,10093
10095,10096
10098,10099
10103,10104
10107,10108
10112,10113
10119,10120
10125,10126
10135,10136
10141,10142
10147,10148
10151,10152
10154,10155
10157,10158
10160,10161
10163,10164
10166,10167
10170,10171
10174,10175
10177,10178
10180,10181
10182,10183
10186,10187
10189,10190
10192,10193
10196,10197
10201,10202
10204,10205
10207,10208
10209,10210
10212,10213
10215,10216
10218,10219
10221,10222
10223,10224
10230,10231
10238,10239
10242,10243
10247,10248
10252,10253
10257,10258
10264,10265
10272,10273
10276,10277
10280,10281
10284,10285
10287,10288
10291,10292
10295,10296
10300,10301
10304,10305
10307,10308
10309,10310
10311,10312
10314,10315
10317,10318
10320,10321
10323,10324
10328,10329
10333,10334
10337,10338
10342,10343
10344,10345
10346,10347
10349,10350
10353,10354
10357,10358
10362,10363
10366,10367
10373,10374
10378,10379
10383,10384
10387,10388
10394,10395
10396,10397
10398,10399
10402,10403
10406,10407
10408,10409
10410,10411
10416,10417
10422,10423
10424,10425
10426,10427
10431,10432
10434,10435
10438,10439
10442,10443
10446,10447
10450,10451
10453,10454
10456,10457
10459,10460
10461,10462
10464,10465
10468,10469
10472,10473
10475,10476
10479,10480
10486,10487
10488,10489
10492,10493
10495,10496
10498,10499
10501,10502
10507,10508
10513,10514
10518,10519
10523,10524
10526,10527
10529,10530
10532,10533
10534,10535
10536,10537
10538,10539
10542,10543
10546,10547
10551,10552
10559,10560
10563,10564
10567,10568
10571,10572
10574,10575
10576,10577
10578,10579
10583,10584
10588,10589
10591,10592
10594,10595
10597,10598
10600,10601
10602,10603
10605,10606
10608,10609
10611,10612
10615,10616
10618,10619
10623,10624
10627,10628
10630,10631
10632,10633
10634,10635
10637,10638
10639,10640
10643,10644
10648,10649
10653,10654
10660,10661
10666,10667
10668,10669
10671,10672
10674,10675
10679,10680
10684,10685
10691,10692
10694,10695
10697,10698
10703,10704
10708,10709
10713,10714
10717,10718
10720,10721
10723,10724
10726,10727
10730,10731
10734,10735
10738,10739
10744,10745
10749,10750
10753,10754
10757,10758
10762,10763
10768,10769
10771,10772
10775,10776
10779,10780
10783,10784
10787,10788
10791,10792
10793,10794
10797,10798
10800,10801
10802,10803
10805,10806
10810,10811
10815,10816
10820,10821
10823,10824
10826,10827
10828,10829
10830,10831
10835,10836
10841,10842
10843,10844
10846,10847
10848,10849
10850,10851
10855,10856
10859,10860
10861,10862
10864,10865
10868,10869
10874,10875
10876,10877
10879,10880
10882,10883
10885,10886
10888,10889
10892,10893
10896,10897
10904,10905
10909,10910
10914,10915
10919,10920
10923,10924
10928,10929
10933,10934
10938,10939
10943,10944
10950,10951
10957,10958
10962,10963
10967,10968
10970,10971
10973,10974
10976,10977
10980,10981
10985,10986
10988,10989
10991,10992
10997,10998
11005,11006
11007,11008
11009,11010
11011,11012
11013,11014
11016,11017
11019,11020
11022,11023
11025,11026
11031,11032
11037,11038
11041,11042
11044,11045
11047,11048
11051,11052
11053,11054
11056,11057
11059,11060
11061,11062
11065,11066
11069,11070
11072,11073
11074,11075
11078,11079
11084,11085
11087,11088
11089,11090
11095,11096
11099,11100
11105,11106
11110,11111
11114,11115
11118,11119
11122,11123
11126,11127
11130,11131
11134,11135
11136,11137
11138,11139
11143,11144
11147,11148
11153,11154
11156,11157
11160,11161
11164,11165
11167,11168
11171,11172
11174,11175
11177,11178
11181,11182
11184,11185
11187,11188
11190,11191
11194,11195
11200,11201
11208,11209
11214,11215
11216,11217
11219,11220
11223,11224
11228,11229
11231,11232
11236,11237
11241,11242
11244,11245
11247,11248
11254,11255
11261,11262
11265,11266
11268,11269
11270,11271
11272,11273
11275,11276
11278,11279
11281,11282
11284,11285
11288,11289
11292,11293
11295,11296
11300,11301
11304,11305
11308,11309
11313,11314
11317,11318
11323,11324
11332,11333
11336,11337
11340,11341
11344,11345
11348,11349
11353,11354
11358,11359
11361,11362
11364,11365
11369,11370
11374,11375
11378,11379
11384,11385
11386,11387
11388,11389
11392,11393
11395,11396
11397,11398
11401,11402
11405,11406
11409,11410
11415,11416
11420,11421
11425,11426
11430,11431
11435,11436
11437,11438
11440,11441
11445,11446
11449,11450
11454,11455
11460,11461
11462,11463
11465,11466
11468,11469
11473,11474
11477,11478
11479,11480
11481,11482
11484,11485
11487,11488
11489,11490
11491,11492
11494,11495
11498,11499
11504,11505
11509,11510
11514,11515
11517,11518
11521,11522
11523,11524
11526,11527
11529,11530
11532,11533
11535,11536
11540,11541
11543,11544
11547,11548
11551,11552
11554,11555
11557,11558
11560,11561
11563,11564
11566,11567
11569,11570
11574,11575
11578,11579
11581,11582
11584,11585
11588,11589
11592,11593
11598,11599
11604,11605
11611,11612
11617,11618
11625,11626
11631,11632
11636,11637
11642,11643
11645,11646
11647,11648
11650,11651
11652,11653
11655,11656
11659,11660
11661,11662
11663,11664
11667,11668
11671,11672
11675,11676
11682,11683
11685,11686
11688,11689
11690,11691
11692,11693
11698,11699
11705,11706
11708,11709
11711,11712
11713,11714
11716,11717
11719,11720
11721,11722
11724,11725
11727,11728
11733,11734
11740,11741
11742,11743
11746,11747
11752,11753
11756,11757
11759,11760
11764,11765
11768,11769
11773,11774
11776,11777
11784,11785
11791,11792
11797,11798
11802,11803
11808,11809
11814,11815
11816,11817
11819,11820
11822,11823
11824,11825
11826,11827
11828,11829
11830,11831
11833,11834
11837,11838
11839,11840
11841,11842
11844,11845
11846,11847
11851,11852
11856,11857
11862,11863
11869,11870
11872,11873
11875,11876
11879,11880
11882,11883
11885,11886
11889,11890
11891,11892
11895,11896
11897,11898
11899,11900
11902,11903
11905,11906
11912,11913
11920,11921
11927,11928
11931,11932
11933,11934
11935,11936
11937,11938
11940,11941
11943,11944
11946,11947
11949,11950
11952,11953
11956,11957
11959,11960
11961,11962
11964,11965
11967,11968
11970,11971
11977,11978
11982,11983
11988,11989
11994,11995
11996,11997
11999,12000
12004,12005
12010,12011
12013,12014
12016,12017
12018,12019
12021,12022
12024,12025
12027,12028
12030,12031
12035,12036
12040,12041
12045,12046
12051,12052
12057,12058
12064,12065
12071,12072
12076,12077
12082,12083
12085,12086
12089,12090
12092,12093
12100,12101
12106,12107
12112,12113
12117,12118
12120,12121
12124,12125
12128,12129
12132,12133
12134,12135
12136,12137
12141,12142
12146,12147
12149,12150
12154,12155
12159,12160
12161,12162
12163,12164
12166,12167
12171,12172
12173,12174
12175,12176
12179,12180
12184,12185
12188,12189
12190,12191
12192,12193
12195,12196
12198,12199
12206,12207
12211,12212
12215,12216
12220,12221
12224,12225
12228,12229
12233,12234
12236,12237
12240,12241
12244,12245
12249,12250
12253,12254
12258,12259
12264,12265
12267,12268
12270,12271
12272,12273
12276,12277
12279,12280
12282,12283
12285,12286
12287,12288
12289,12290
12292,12293
12295,12296
12300,12301
12307,12308
12309,12310
12311,12312
12316,12317
12321,12322
12323,12324
12325,12326
12329,12330
12333,12334
12337,12338
12341,12342
12346,12347
12354,12355
12357,12358
12359,12360
12364,12365
12370,12371
12372,12373
12374,12375
12379,12380
12384,12385
12387,12388
12390,12391
12393,12394
12396,12397
12400,12401
12404,12405
12406,12407
12410,12411
12414,12415
12416,12417
12422,12423
12429,12430
12433,12434
12435,12436
12437,12438
12440,12441
12443,12444
12446,12447
12448,12449
12452,12453
12458,12459
12463,12464
12467,12468
12473,12474
12475,12476
12477,12478
12480,12481
12484,12485
12487,12488
12490,12491
12492,12493
12494,12495
12498,12499
12502,12503
12507,12508
12510,12511
12512,12513
12516,12517
12520,12521
12524,12525
12528,12529
12533,12534
12536,12537
12541,12542
12544,12545
12546,12547
12550,12551
12556,12557
12559,12560
12562,12563
12565,12566
12570,12571
12577,12578
12584,12585
12587,12588
12592,12593
12596,12597
12598,12599
12600,12601
12602,12603
12604,12605
12607,12608
12610,12611
12612,12613
12616,12617
12621,12622
12625,12626
12629,12630
12632,12633
12637,12638
12643,12644
12648,12649
12652,12653
12654,12655
12656,12657
12662,12663
12665,12666
12670,12671
12673,12674
12676,12677
12679,12680
12685,12686
12691,12692
12694,12695
12697,12698
12701,12702
12704,12705
12707,12708
12709,12710
12711,12712
12713,12714
12715,12716
12717,12718
12721,12722
12726,12727
12728,12729
12730,12731
12734,12735
12738,12739
12740,12741
12744,12745
12747,12748
12753,12754
12757,12758
12760,12761
12762,12763
12764,12765
12768,12769
12772,12773
12776,12777
12779,12780
12782,12783
12786,12787
12790,12791
12794,12795
12798,12799
12801,12802
12804,12805
12806,12807
12808,12809
12813,12814
12817,12818
12821,12822
12826,12827
12830,12831
12834,12835
12839,12840
12844,12845
12848,12849
12852,12853
12858,12859
12862,12863
12864,12865
12866,12867
12874,12875
12881,12882
12886,12887
12890,12891
12897,12898
12901,12902
12905,12906
12909,12910
12913,12914
12917,12918
12924,12925
12930,12931
12934,12935
12936,12937
12940,12941
12942,12943
12948,12949
12952,12953
12957,12958
12963,12964
12968,12969
12974,12975
12979,12980
12986,12987
12988,12989
12992,12993
12996,12997
13001,13002
13005,13006
13010,13011
13016,13017
13019,13020
13023,13024
13029,13030
13031,13032
13038,13039
13045,13046
13048,13049
13051,13052
13055,13056
13059,13060
13061,13062
13068,13069
13070,13071
13073,13074
13075,13076
13080,13081
13087,13088
13091,13092
13095,13096
13101,13102
13107,13108
13110,13111
13113,13114
13118,13119
13120,13121
13123,13124
13128,13129
13133,13134
13137,13138
13142,13143
13148,13149
13150,13151
13152,13153
13155,13156
13158,13159
13162,13163
13164,13165
13167,13168
13169,13170
13173,13174
13176,13177
13179,13180
13182,13183
13185,13186
13189,13190
13193,13194
13198,13199
13201,13202
13205,13206
13207,13208
13209,13210
13213,13214
13220,13221
13224,13225
13228,13229
13232,13233
13236,13237
13239,13240
13241,13242
13246,13247
13251,13252
13255,13256
13257,13258
13260,13261
13263,13264
13269,13270
13275,13276
13278,13279
13281,13282
13285,13286
13289,13290
13292,13293
13297,13298
13300,13301
13302,13303
13306,13307
13309,13310
13311,13312
13313,13314
13322,13323
13331,13332
13335,13336
13339,13340
13345,13346
13352,13353
13356,13357
13360,13361
13362,13363
13364,13365
13367,13368
13370,13371
13374,13375
13379,13380
13383,13384
13390,13391
13392,13393
13394,13395
13399,13400
13403,13404
13405,13406
13407,13408
13413,13414
13417,13418
13421,13422
13426,13427
13429,13430
13434,13435
13441,13442
13446,13447
13449,13450
13457,13458
13466,13467
13470,13471
13472,13473
13476,13477
13480,13481
13484,13485
13488,13489
13491,13492
13495,13496
13499,13500
13502,13503
13507,13508
13512,13513
13516,13517
13520,13521
13523,13524
13527,13528
13529,13530
13531,13532
13533,13534
13538,13539
13543,13544
13548,13549
13554,13555
13561,13562
13565,13566
13567,13568
13570,13571
13573,13574
13577,13578
13579,13580
13581,13582
13584,13585
13587,13588
13590,13591
13593,13594
13596,13597
13598,13599
13602,13603
13608,13609
13612,13613
13619,13620
13622,13623
13624,13625
13627,13628
13630,13631
13638,13639
13645,13646
13648,13649
13650,13651
13653,13654
13656,13657
13659,13660
13665,13666
13667,13668
13669,13670
13671,13672
13674,13675
13678,13679
13682,13683
13685,13686
13688,13689
13694,13695
13698,13699
13702,13703
13705,13706
13707,13708
13713,13714
13720,13721
13726,13727
13730,13731
13734,13735
13736,13737
13741,13742
13743,13744
13745,13746
13748,13749
13751,13752
13757,13758
13765,13766
13768,13769
13772,13773
13776,13777
13780,13781
13782,13783
13784,13785
13786,13787
13788,13789
13791,13792
13793,13794
13795,13796
13799,13800
13804,13805
13807,13808
13810,13811
13814,13815
13818,13819
13821,13822
13825,13826
13827,13828
13830,13831
13833,13834
13835,13836
13839,13840
13845,13846
13847,13848
13849,13850
13854,13855
13859,13860
13861,13862
13864,13865
13868,13869
13874,13875
13882,13883
13884,13885
13886,13887
13889,13890
13892,13893
13894,13895
13896,13897
13900,13901
13905,13906
13907,13908
13909,13910
13911,13912
13913,13914
13916,13917
13919,13920
13924,13925
13931,13932
13933,13934
13935,13936
13940,13941
13944,13945
13946,13947
13948,13949
13952,13953
13955,13956
13959,13960
13966,13967
13969,13970
13972,13973
13974,13975
13976,13977
13979,13980
13982,13983
13988,13989
13994,13995
14000,14001
14006,14007
14011,14012
14013,14014
14015,14016
14020,14021
14023,14024
14025,14026
14029,14030
14033,14034
14037,14038
14040,14041
14044,14045
14046,14047
14049,14050
14052,14053
14055,14056
14058,14059
14061,14062
14064,14065
14067,14068
14070,14071
14074,14075
14076,14077
14080,14081
14084,14085
14087,14088
14090,14091
14093,14094
14095,14096
14099,14100
14103,14104
14109,14110
14113,14114
14117,14118
14119,14120
14125,14126
14131,14132
14133,14134
14136,14137
14140,14141
14144,14145
14146,14147
14148,14149
14153,14154
14156,14157
14158,14159
14164,14165
14170,14171
14172,14173
14176,14177
14181,14182
14185,14186
14188,14189
14190,14191
14193,14194
14196,14197
14201,14202
14206,14207
14211,14212
14215,14216
14218,14219
14220,14221
14224,14225
14228,14229
14231,14232
14234,14235
14237,14238
14242,14243
14247,14248
14253,14254
14258,14259
14264,14265
14270,14271
14272,14273
14274,14275
14277,14278
14280,14281
14284,14285
14290,14291
14294,14295
14298,14299
14303,14304
14309,14310
14313,14314
14317,14318
14319,14320
14323,14324
14326,14327
14331,14332
14336,14337
14341,14342
14348,14349
14355,14356
14357,14358
14359,14360
14361,14362
14364,14365
14367,14368
14371,14372
14375,14376
14379,14380
14383,14384
14388,14389
14393,14394
14395,14396
14398,14399
14401,14402
14404,14405
14409,14410
14412,14413
14417,14418
14420,14421
14424,14425
14426,14427
14429,14430
14432,14433
14436,14437
14439,14440
14442,14443
14446,14447
14452,14453
14456,14457
14460,14461
14462,14463
14465,14466
14471,14472
14477,14478
14482,14483
14486,14487
14490,14491
14496,14497
14499,14500
14504,14505
14509,14510
14517,14518
14520,14521
14522,14523
14529,14530
14534,14535
14538,14539
14543,14544
14546,14547
14551,14552
14556,14557
14563,14564
14568,14569
14574,14575
14580,14581
14584,14585
14587,14588
14589,14590
14592,14593
14595,14596
14598,14599
14601,14602
14605,14606
14610,14611
14615,14616
14618,14619
14626,14627
14628,14629
14630,14631
14633,14634
14637,14638
14640,14641
14644,14645
14647,14648
14653,14654
14656,14657
14661,14662
14665,14666
14669,14670
14672,14673
14674,14675
14680,14681
14686,14687
14690,14691
14693,14694
14697,14698
14701,14702
14707,14708
14712,14713
14718,14719
14724,14725
14726,14727
14730,14731
14734,14735
14736,14737
14738,14739
14741,14742
14744,14745
14749,14750
14756,14757
14758,14759
14760,14761
14764,14765
14768,14769
14770,14771
14774,14775
14777,14778
14780,14781
14785,14786
14790,14791
14793,14794
14798,14799
14801,14802
14804,14805
14806,14807
14808,14809
14813,14814
14819,14820
14823,14824
14827,14828
14829,14830
14831,14832
14833,14834
14837,14838
14841,14842
14845,14846
14847,14848
14849,14850
14855,14856
14860,14861
14865,14866
14869,14870
14877,14878
14886,14887
14888,14889
14890,14891
14897,14898
14904,14905
14907,14908
14909,14910
14913,14914
14918,14919
14921,14922
14924,14925
14928,14929
14932,14933
14935,14936
14938,14939
14941,14942
14945,14946
14948,14949
14952,14953
14954,14955
14958,14959
14962,14963
14967,14968
14973,14974
14975,14976
14977,14978
14984,14985
14988,14989
14993,14994
14996,14997
15001,15002
15007,15008
15016,15017
15025,15026
15027,15028
15031,15032
15036,15037
15039,15040
15043,15044
15048,15049
15051,15052
15053,15054
15056,15057
15060,15061
15064,15065
15067,15068
15071,15072
15073,15074
15076,15077
15079,15080
15082,15083
15086,15087
15091,15092
15097,15098
15100,15101
15105,15106
15110,15111
15115,15116
15119,15120
15124,15125
15127,15128
15130,15131
15135,15136
15138,15139
15143,15144
15148,15149
15152,15153
15154,15155
15156,15157
15158,15159
15162,15163
15166,15167
15169,15170
15172,15173
15174,15175
15176,15177
15181,15182
15186,15187
15189,15190
15191,15192
15195,15196
15200,15201
15202,15203
15204,15205
15207,15208
15211,15212
15215,15216
15219,15220
15222,15223
15225,15226
15233,15234
15242,15243
15247,15248
15251,15252
15257,15258
15263,15264
15266,15267
15269,15270
15272,15273
15276,15277
15280,15281
15284,15285
15287,15288
15290,15291
15292,15293
15296,15297
15299,15300
15303,15304
15306,15307
15309,15310
15314,15315
15319,15320
15325,15326
15329,15330
15333,15334
15336,15337
15338,15339
15346,15347
15355,15356
15360,15361
15365,15366
15368,15369
15372,15373
15377,15378
15382,15383
15389,15390
15397,15398
15399,15400
15404,15405
15406,15407
15411,15412
15415,15416
15418,15419
15422,15423
15427,15428
15430,15431
15433,15434
15436,15437
15439,15440
15444,15445
15448,15449
15450,15451
15452,15453
15456,15457
15460,15461
15462,15463
15464,15465
15466,15467
15468,15469
15473,15474
15478,15479
15480,15481
15484,15485
15488,15489
15491,15492
15494,15495
15498,15499
15501,15502
15504,15505
15506,15507
15509,15510
15513,15514
15518,15519
15520,15521
15522,15523
15525,15526
15531,15532
15539,15540
15541,15542
15544,15545
15546,15547
15548,15549
15551,15552
15553,15554
15555,15556
15557,15558
15562,15563
15566,15567
15571,15572
15578,15579
15580,15581
15582,15583
15585,15586
15587,15588
15591,15592
15594,15595
15600,15601
15608,15609
15610,15611
15612,15613
15617,15618
15621,15622
15626,15627
15630,15631
15635,15636
15639,15640
15643,15644
15646,15647
15649,15650
15652,15653
15654,15655
15659,15660
15665,15666
15670,15671
15674,15675
15678,15679
15682,15683
15684,15685
15686,15687
15691,15692
15695,15696
15698,15699
15702,15703
15706,15707
15709,15710
15712,15713
15716,15717
15719,15720
15724,15725
15728,15729
15733,15734
15735,15736
15737,15738
15739,15740
15742,15743
15745,15746
15748,15749
15751,15752
15755,15756
15759,15760
15762,15763
15765,15766
15770,15771
15774,15775
15777,15778
15780,15781
15786,15787
15791,15792
15793,15794
15795,15796
15802,15803
15805,15806
15807,15808
15810,15811
15814,15815
15816,15817
15819,15820
15821,15822
15824,15825
15827,15828
15831,15832
15835,15836
15839,15840
15842,15843
15846,15847
15850,15851
15855,15856
15857,15858
15859,15860
15862,15863
15866,15867
15870,15871
15879,15880
15886,15887
15889,15890
15892,15893
15898,15899
15905,15906
15911,15912
15917,15918
15920,15921
15923,15924
15925,15926
15927,15928
15932,15933
15938,15939
15942,15943
15946,15947
15948,15949
15951,15952
15956,15957
15960,15961
15963,15964
15967,15968
15972,15973
15975,15976
15979,15980
15984,15985
15986,15987
15989,15990
15994,15995
15998,15999
16005,16006
16012,16013
16015,16016
16017,16018
16019,16020
16021,16022
16023,16024
16025,16026
16028,16029
16032,16033
16035,16036
16039,16040
16045,16046
16052,16053
16055,16056
16059,16060
16062,16063
16066,16067
16072,16073
16079,16080
16081,16082
16083,16084
16087,16088
16092,16093
16096,16097
16101,16102
16105,16106
16108,16109
16112,16113
16116,16117
16121,16122
16127,16128
16133,16134
16137,16138
16142,16143
16144,16145
16146,16147
16149,16150
16154,16155
16157,16158
16161,16162
16166,16167
16172,16173
16181,16182
16187,16188
16191,16192
16194,16195
16197,16198
16199,16200
16205,16206
16211,16212
16215,16216
16222,16223
16225,16226
16230,16231
16234,16235
16238,16239
16243,16244
16248,16249
16253,16254
16258,16259
16260,16261
16263,16264
16266,16267
16270,16271
16274,16275
16279,16280
16286,16287
16293,16294
16299,16300
16302,16303
16305,16306
16308,16309
16316,16317
16323,16324
16326,16327
16329,16330
16332,16333
16335,16336
16338,16339
16342,16343
16347,16348
16353,16354
16355,16356
16357,16358
16360,16361
16364,16365
16368,16369
16373,16374
16379,16380
16384,16385
16389,16390
16393,16394
16396,16397
16399,16400
16403,16404
16407,16408
16410,16411
16414,16415
16418,16419
16422,16423
16424,16425
16427,16428
16433,16434
16441,16442
16443,16444
16446,16447
16448,16449
16451,16452
16456,16457
16458,16459
16460,16461
16465,16466
16468,16469
16477,16478
16485,16486
16487,16488
16490,16491
16496,16497
16501,16502
16504,16505
16507,16508
16509,16510
16513,16514
16518,16519
16522,16523
16528,16529
16533,16534
16536,16537
16539,16540
16543,16544
16547,16548
16553,16554
16557,16558
16561,16562
16565,16566
16567,16568
16569,16570
16574,16575
16580,16581
16583,16584
16587,16588
16593,16594
16599,16600
16601,16602
16607,16608
16611,16612
16616,16617
16620,16621
16623,16624
16627,16628
16631,16632
16638,16639
16642,16643
16645,16646
16648,16649
16651,16652
16654,16655
16657,16658
16661,16662
16664,16665
16667,16668
16669,16670
16672,16673
16675,16676
16678,16679
16684,16685
16689,16690
16695,16696
16700,16701
16703,16704
16705,16706
16707,16708
16709,16710
16712,16713
16715,16716
16717,16718
16720,16721
16725,16726
16730,16731
16733,16734
16738,16739
16741,16742
16746,16747
16750,16751
16755,16756
16759,16760
16761,16762
16763,16764
16766,16767
16770,16771
16774,16775
16780,16781
16784,16785
16791,16792
16796,16797
16799,16800
16802,16803
16805,16806
16808,16809
16815,16816
16821,16822
16824,16825
16826,16827
16830,16831
16833,16834
16836,16837
16839,16840
16843,16844
16846,16847
16849,16850
16851,16852
16855,16856
16857,16858
16861,16862
16866,16867
16872,16873
16875,16876
16878,16879
16882,16883
16884,16885
16889,16890
16891,16892
16896,16897
16898,16899
16900,16901
16908,16909
16915,16916
16919,16920
16924,16925
16927,16928
16932,16933
16936,16937
16940,16941
16944,16945
16947,16948
16949,16950
16952,16953
16956,16957
16958,16959
16960,16961
16962,16963
16965,16966
16968,16969
16974,16975
16979,16980
16981,16982
16983,16984
16985,16986
16990,16991
16992,16993
16995,16996
16999,17000
17003,17004
17007,17008
17014,17015
17017,17018
17020,17021
17023,17024
17026,17027
17031,17032
17034,17035
17038,17039
17044,17045
17049,17050
17054,17055
17057,17058
17059,17060
17063,17064
17066,17067
17070,17071
17073,17074
17076,17077
17080,17081
17083,17084
17085,17086
17087,17088
17089,17090
17093,17094
17096,17097
17102,17103
17107,17108
17109,17110
17113,17114
17116,17117
17119,17120
17123,17124
17127,17128
17130,17131
17135,17136
17141,17142
17147,17148
17150,17151
17152,17153
17159,17160
17166,17167
17168,17169
17171,17172
17173,17174
17176,17177
17183,17184
17190,17191
17197,17198
17203,17204
17208,17209
17213,17214
17216,17217
17221,17222
17223,17224
17227,17228
17231,17232
17236,17237
17244,17245
17247,17248
17251,17252
17259,17260
17267,17268
17270,17271
17273,17274
17276,17277
17278,17279
17284,17285
17290,17291
17294,17295
17299,17300
17303,17304
17308,17309
17311,17312
17314,17315
17316,17317
17319,17320
17321,17322
17324,17325
17330,17331
17335,17336
17337,17338
17339,17340
17343,17344
17347,17348
17350,17351
17355,17356
17360,17361
17365,17366
17367,17368
17369,17370
17372,17373
17374,17375
17380,17381
17386,17387
17392,17393
17398,17399
17402,17403
17405,17406
17409,17410
17415,17416
17421,17422
17426,17427
17429,17430
17431,17432
17434,17435
17437,17438
17443,17444
17449,17450
17457,17458
17461,17462
17463,17464
17465,17466
17469,17470
17472,17473
17476,17477
17480,17481
17483,17484
17488,17489
17490,17491
17492,17493
17496,17497
17500,17501
17508,17509
17517,17518
17521,17522
17526,17527
17530,17531
17536,17537
17538,17539
17543,17544
17549,17550
17554,17555
17558,17559
17561,17562
17566,17567
17569,17570
17572,17573
17575,17576
17578,17579
17580,17581
17585,17586
17589,17590
17595,17596
17601,17602
17608,17609
17613,17614
17617,17618
17620,17621
17625,17626
17630,17631
17635,17636
17639,17640
17645,17646
17651,17652
17658,17659
17665,17666
17672,17673
17679,17680
17684,17685
17689,17690
17692,17693
17696,17697
17698,17699
17700,17701
17703,17704
17707,17708
17710,17711
17715,17716
17717,17718
17720,17721
17726,17727
17732,17733
17735,17736
17743,17744
17750,17751
17757,17758
17761,17762
17767,17768
17772,17773
17774,17775
17776,17777
17778,17779
17781,17782
17785,17786
17793,17794
17800,17801
17804,17805
17808,17809
17812,17813
17818,17819
17822,17823
17824,17825
17826,17827
17829,17830
17832,17833
17837,17838
17842,17843
17846,17847
17849,17850
17852,17853
17855,17856
17858,17859
17861,17862
17865,17866
17868,17869
17873,17874
17875,17876
17878,17879
17884,17885
17890,17891
17893,17894
17895,17896
17900,17901
17906,17907
17910,17911
17914,17915
17918,17919
17924,17925
17931,17932
17933,17934
17935,17936
17938,17939
17940,17941
17943,17944
17947,17948
17952,17953
17955,17956
17959,17960
17962,17963
17964,17965
17968,17969
17976,17977
17979,17980
17982,17983
17984,17985
17986,17987
17989,17990
17992,17993
17998,17999
18004,18005
18008,18009
18012,18013
18015,18016
18019,18020
18021,18022
18029,18030
18034,18035
18037,18038
18039,18040
18041,18042
18043,18044
18046,18047
18049,18050
18053,18054
18057,18058
18060,18061
18063,18064
18065,18066
18074,18075
18084,18085
18087,18088
18090,18091
18095,18096
18099,18100
18101,18102
18104,18105
18109,18110
18115,18116
18117,18118
18119,18120
18124,18125
18128,18129
18131,18132
18134,18135
18137,18138
18141,18142
18146,18147
18152,18153
18157,18158
18163,18164
18170,18171
18175,18176
18180,18181
18185,18186
18190,18191
18195,18196
18202,18203
18204,18205
18208,18209
18212,18213
18216,18217
18219,18220
18223,18224
18226,18227
18228,18229
18231,18232
18240,18241
18248,18249
18254,18255
18260,18261
18263,18264
18268,18269
18272,18273
18275,18276
18278,18279
18281,18282
18285,18286
18291,18292
18297,18298
18299,18300
18301,18302
18306,18307
18316,18317
18319,18320
18322,18323
18326,18327
18331,18332
18334,18335
18336,18337
18339,18340
18343,18344
18346,18347
18353,18354
18357,18358
18361,18362
18365,18366
18367,18368
18369,18370
18376,18377
18381,18382
18384,18385
18389,18390
18394,18395
18398,18399
18404,18405
18407,18408
18412,18413
18414,18415
18416,18417
18420,18421
18423,18424
18425,18426
18427,18428
18432,18433
18439,18440
18444,18445
18449,18450
18453,18454
18457,18458
18461,18462
18465,18466
18468,18469
18470,18471
18472,18473
18474,18475
18477,18478
18481,18482
18486,18487
18488,18489
18490,18491
18493,18494
18497,18498
18501,18502
18504,18505
18508,18509
18514,18515
18518,18519
18522,18523
18524,18525
18527,18528
18531,18532
18535,18536
18539,18540
18543,18544
18545,18546
18549,18550
18551,18552
18553,18554
18559,18560
18565,18566
18571,18572
18577,18578
18586,18587
18591,18592
18597,18598
18602,18603
18607,18608
18612,18613
18617,18618
18622,18623
18626,18627
18630,18631
18632,18633
18635,18636
18638,18639
18642,18643
18646,18647
18650,18651
18657,18658
18663,18664
18669,18670
18673,18674
18678,18679
18684,18685
18687,18688
18692,18693
18697,18698
18699,18700
18703,18704
18706,18707
18708,18709
18711,18712
18716,18717
18723,18724
18727,18728
18729,18730
18731,18732
18734,18735
18737,18738
18741,18742
18746,18747
18751,18752
18753,18754
18757,18758
18760,18761
18762,18763
18770,18771
18776,18777
18779,18780
18783,18784
18787,18788
18789,18790
18791,18792
18795,18796
18801,18802
18807,18808
18812,18813
18817,18818
18820,18821
18826,18827
18829,18830
18831,18832
18833,18834
18835,18836
18841,18842
18847,18848
18851,18852
18854,18855
18859,18860
18861,18862
18863,18864
18868,18869
18871,18872
18874,18875
18878,18879
18881,18882
18883,18884
18886,18887
18889,18890
18891,18892
18895,18896
18897,18898
18900,18901
18902,18903
18905,18906
18910,18911
18917,18918
18919,18920
18921,18922
18924,18925
18927,18928
18929,18930
18931,18932
18933,18934
18935,18936
18940,18941
18945,18946
18949,18950
18953,18954
18955,18956
18957,18958
18961,18962
18965,18966
18970,18971
18976,18977
18984,18985
18992,18993
18996,18997
19001,19002
19003,19004
19006,19007
19008,19009
19011,19012
19013,19014
19016,19017
19018,19019
19020,19021
19022,19023
19026,19027
19030,19031
19032,19033
19034,19035
19038,19039
19044,19045
19047,19048
19050,19051
19054,19055
19058,19059
19062,19063
19064,19065
19068,19069
19070,19071
19074,19075
19080,19081
19083,19084
19086,19087
19088,19089
19090,19091
19095,19096
19101,19102
19104,19105
19107,19108
19111,19112
19115,19116
19119,19120
19123,19124
19127,19128
19133,19134
19138,19139
19142,19143
19144,19145
19146,19147
19149,19150
19154,19155
19158,19159
19161,19162
19164,19165
19167,19168
19170,19171
19173,19174
19177,19178
19179,19180
19184,19185
19186,19187
19190,19191
19194,19195
19196,19197
19199,19200
19202,19203
19207,19208
19214,19215
19217,19218
19219,19220
19221,19222
19223,19224
19227,19228
19230,19231
19233,19234
19235,19236
19238,19239
19241,19242
19244,19245
19246,19247
19249,19250
19252,19253
19254,19255
19259,19260
19265,19266
19270,19271
19273,19274
19279,19280
19284,19285
19288,19289
19293,19294
19296,19297
19302,19303
19308,19309
19313,19314
19316,19317
19321,19322
19323,19324
19327,19328
19329,19330
19331,19332
19333,19334
19336,19337
19338,19339
19342,19343
19347,19348
19350,19351
19354,19355
19358,19359
19365,19366
19372,19373
19375,19376
19378,19379
19383,19384
19388,19389
19392,19393
19396,19397
19400,19401
19404,19405
19406,19407
19408,19409
19411,19412
19415,19416
19418,19419
19423,19424
19428,19429
19433,19434
19440,19441
19447,19448
19449,19450
19454,19455
19456,19457
19458,19459
19462,19463
19466,19467
19471,19472
19474,19475
19480,19481
19486,19487
19490,19491
19494,19495
19499,19500
19501,19502
19504,19505
19507,19508
19512,19513
19514,19515
19517,19518
19522,19523
19529,19530
19533,19534
19537,19538
19541,19542
19549,19550
19551,19552
19556,19557
19562,19563
19567,19568
19572,19573
19574,19575
19576,19577
19582,19583
19588,19589
19591,19592
19593,19594
19595,19596
19598,19599
19606,19607
19612,19613
19618,19619
19625,19626
19629,19630
19633,19634
19635,19636
19639,19640
19641,19642
19643,19644
19647,19648
19651,19652
19657,19658
19665,19666
19668,19669
19671,19672
19675,19676
19680,19681
19684,19685
19690,19691
19694,19695
19699,19700
19703,19704
19707,19708
19712,19713
19715,19716
19717,19718
19719,19720
19721,19722
19723,19724
19730,19731
19738,19739
19742,19743
19744,19745
19748,19749
19750,19751
19753,19754
19757,19758
19759,19760
19765,19766
19768,19769
19771,19772
19774,19775
19776,19777
19778,19779
19780,19781
19783,19784
19789,19790
19793,19794
19797,19798
19800,19801
19803,19804
19808,19809
19813,19814
19818,19819
19824,19825
19827,19828
19829,19830
19834,19835
19838,19839
19842,19843
19847,19848
19851,19852
19857,19858
19863,19864
19869,19870
19874,19875
19881,19882
19884,19885
19888,19889
19893,19894
19895,19896
19897,19898
19902,19903
19907,19908
19910,19911
19912,19913
19915,19916
19919,19920
19924,19925
19929,19930
19932,19933
19936,19937
19938,19939
19941,19942
19945,19946
19949,19950
19955,19956
19960,19961
19963,19964
19967,19968
19970,19971
19972,19973
19979,19980
19983,19984
19987,19988
19990,19991
19992,19993
19994,19995
19996,19997
20000,20001
20005,20006
20007,20008
20009,20010
20012,20013
20015,20016
20019,20020
20022,20023
20027,20028
20033,20034
20038,20039
20042,20043
20044,20045
20046,20047
20050,20051
20052,20053
20055,20056
20059,20060
20061,20062
20063,20064
20065,20066
20067,20068
20071,20072
20075,20076
20080,20081
20085,20086
20089,20090
20093,20094
20096,20097
20099,20100
20102,20103
20104,20105
20106,20107
20109,20110
20113,20114
20116,20117
20118,20119
20120,20121
20123,20124
20126,20127
20128,20129
20130,20131
20132,20133
20134,20135
20137,20138
20140,20141
20144,20145
20146,20147
20150,20151
20155,20156
20158,20159
20161,20162
20164,20165
20167,20168
20174,20175
20184,20185
20186,20187
20190,20191
20193,20194
20196,20197
20199,20200
20205,20206
20211,20212
20214,20215
20217,20218
20221,20222
20225,20226
20228,20229
20231,20232
20236,20237
20239,20240
20245,20246
20250,20251
20254,20255
20256,20257
20260,20261
20265,20266
20268,20269
20272,20273
20277,20278
20281,20282
20285,20286
20292,20293
20297,20298
20303,20304
20306,20307
20309,20310
20314,20315
20318,20319
20321,20322
20324,20325
20329,20330
20335,20336
20342,20343
20346,20347
20348,20349
20350,20351
20355,20356
20359,20360
20363,20364
20366,20367
20369,20370
20373,20374
20379,20380
20384,20385
20386,20387
20388,20389
20390,20391
20392,20393
20395,20396
20398,20399
20401,20402
20404,20405
20406,20407
20408,20409
20412,20413
20416,20417
20422,20423
20427,20428
20433,20434
20439,20440
20442,20443
20445,20446
20452,20453
20458,20459
20462,20463
20468,20469
20474,20475
20477,20478
20479,20480
20481,20482
20487,20488
20492,20493
20494,20495
20497,20498
20500,20501
20505,20506
20511,20512
20516,20517
20522,20523
20526,20527
20528,20529
20530,20531
20536,20537
20541,20542
20544,20545
20546,20547
20553,20554
20558,20559
20562,20563
20566,20567
20570,20571
20574,20575
20577,20578
20581,20582
20584,20585
20586,20587
20590,20591
20593,20594
20598,20599
20603,20604
20607,20608
20611,20612
20616,20617
20620,20621
20625,20626
20629,20630
20632,20633
20634,20635
20641,20642
20648,20649
20650,20651
20653,20654
20656,20657
20661,20662
20665,20666
20667,20668
20671,20672
20677,20678
20683,20684
20687,20688
20694,20695
20698,20699
20701,20702
20703,20704
20705,20706
20712,20713
20718,20719
20720,20721
20724,20725
20730,20731
20737,20738
20742,20743
20747,20748
20750,20751
20754,20755
20759,20760
20763,20764
20766,20767
20770,20771
20772,20773
20775,20776
20778,20779
20780,20781
20782,20783
20784,20785
20788,20789
20791,20792
20795,20796
20800,20801
20803,20804
20806,20807
20809,20810
20812,20813
20814,20815
20816,20817
20822,20823
20828,20829
20831,20832
20834,20835
20837,20838
20840,20841
20843,20844
20846,20847
20849,20850
20852,20853
20855,20856
20858,20859
20864,20865
20871,20872
20873,20874
20875,20876
20880,20881
20883,20884
20886,20887
20889,20890
20892,20893
20894,20895
20900,20901
20906,20907
20908,20909
20911,20912
20914,20915
20916,20917
20920,20921
20922,20923
20925,20926
20928,20929
20931,20932
20936,20937
20940,20941
20943,20944
20946,20947
20948,20949
20950,20951
20956,20957
20961,20962
20965,20966
20969,20970
20975,20976
20979,20980
20982,20983
20986,20987
20988,20989
20991,20992
20997,20998
21002,21003
21005,21006
21008,21009
21015,21016
21023,21024
21025,21026
21027,21028
21029,21030
21031,21032
21036,21037
21042,21043
21045,21046
21048,21049
21050,21051
21053,21054
21057,21058
21061,21062
21064,21065
21067,21068
21070,21071
21072,21073
21075,21076
21077,21078
21082,21083
21087,21088
21089,21090
21093,21094
21098,21099
21102,21103
21105,21106
21110,21111
21113,21114
21115,21116
21117,21118
21124,21125
21129,21130
21132,21133
21138,21139
21143,21144
21150,21151
21154,21155
21158,21159
21161,21162
21165,21166
21167,21168
21169,21170
21173,21174
21176,21177
21180,21181
21182,21183
21184,21185
21187,21188
21192,21193
21195,21196
21198,21199
21200,21201
21208,21209
21213,21214
21217,21218
21220,21221
21226,21227
21230,21231
21234,21235
21236,21237
21240,21241
21243,21244
21246,21247
21248,21249
21251,21252
21255,21256
21259,21260
21262,21263
21265,21266
21269,21270
21273,21274
21277,21278
21281,21282
21286,21287
21293,21294
21296,21297
21303,21304
21310,21311
21314,21315
21317,21318
21319,21320
21321,21322
21323,21324
21327,21328
21332,21333
21338,21339
21343,21344
21350,21351
21355,21356
21360,21361
21364,21365
21368,21369
21371,21372
21374,21375
21378,21379
21383,21384
21386,21387
21389,21390
21394,21395
21399,21400
21402,21403
21404,21405
21408,21409
21412,21413
21416,21417
21419,21420
21426,21427
21432,21433
21438,21439
21445,21446
21447,21448
21449,21450
21452,21453
21456,21457
21461,21462
21465,21466
21468,21469
21470,21471
21472,21473
21476,21477
21480,21481
21483,21484
21488,21489
21491,21492
21493,21494
21500,21501
21504,21505
21508,21509
21511,21512
21517,21518
21525,21526
21530,21531
21534,21535
21538,21539
21542,21543
21547,21548
21554,21555
21557,21558
21560,21561
21564,21565
21567,21568
21570,21571
21572,21573
21576,21577
21580,21581
21583,21584
21586,21587
21589,21590
21592,21593
21597,21598
21601,21602
21604,21605
21606,21607
21610,21611
21613,21614
21617,21618
21622,21623
21625,21626
21627,21628
21629,21630
21631,21632
21634,21635
21637,21638
21642,21643
21647,21648
21650,21651
21653,21654
21657,21658
21661,21662
21664,21665
21670,21671
21673,21674
21675,21676
21678,21679
21681,21682
21688,21689
21695,21696
21699,21700
21703,21704
21708,21709
21713,21714
21719,21720
21726,21727
21733,21734
21741,21742
21745,21746
21748,21749
21753,21754
21759,21760
21762,21763
21764,21765
21766,21767
21769,21770
21774,21775
21779,21780
21785,21786
21791,21792
21795,21796
21798,21799
21802,21803
21807,21808
21810,21811
21813,21814
21817,21818
21821,21822
21825,21826
21828,21829
21832,21833
21835,21836
21841,21842
21845,21846
21848,21849
21850,21851
21852,21853
21854,21855
21857,21858
21859,21860
21863,21864
21867,21868
21870,21871
21874,21875
21877,21878
21880,21881
21887,21888
21891,21892
21896,21897
21902,21903
21904,21905
21911,21912
21919,21920
21922,21923
21925,21926
21930,21931
21936,21937
21940,21941
21942,21943
21945,21946
21948,21949
21951,21952
21954,21955
21960,21961
21968,21969
21971,21972
21976,21977
21981,21982
21984,21985
21991,21992
21998,21999
22002,22003
22006,22007
22010,22011
22015,22016
22018,22019
22023,22024
22027,22028
22029,22030
22031,22032
22036,22037
22041,22042
22046,22047
22049,22050
22055,22056
22061,22062
22067,22068
22072,22073
22075,22076
22080,22081
22085,22086
22088,22089
22091,22092
22093,22094
22095,22096
22098,22099
22102,22103
22104,22105
22107,22108
22110,22111
22114,22115
22118,22119
22122,22123
22124,22125
22127,22128
22129,22130
22131,22132
22133,22134
22137,22138
22142,22143
22150,22151
22157,22158
22160,22161
22163,22164
22165,22166
22168,22169
22171,22172
22174,22175
22177,22178
22180,22181
22186,22187
22192,22193
22194,22195
22196,22197
22201,22202
22205,22206
22209,22210
22212,22213
22215,22216
22218,22219
22224,22225
22227,22228
22233,22234
22239,22240
22244,22245
22247,22248
22249,22250
22252,22253
22255,22256
22258,22259
22260,22261
22264,22265
22267,22268
22270,22271
22273,22274
22276,22277
22278,22279
22282,22283
22285,22286
22288,22289
22291,22292
22293,22294
22295,22296
22300,22301
22304,22305
22310,22311
22314,22315
22317,22318
22320,22321
22322,22323
22324,22325
22329,22330
22334,22335
22337,22338
22341,22342
22344,22345
22349,22350
22357,22358
22361,22362
22364,22365
22366,22367
22371,22372
22374,22375
22377,22378
22380,22381
22383,22384
22385,22386
22388,22389
22391,22392
22394,22395
22397,22398
22400,22401
22403,22404
22405,22406
22408,22409
22414,22415
22419,22420
22422,22423
22426,22427
22431,22432
22435,22436
22437,22438
22439,22440
22442,22443
22446,22447
22451,22452
22455,22456
22460,22461
22462,22463
22465,22466
22469,22470
22474,22475
22480,22481
22487,22488
22497,22498
22505,22506
22509,22510
22514,22515
22518,22519
22520,22521
22525,22526
22529,22530
22532,22533
22535,22536
22538,22539
22541,22542
22543,22544
22545,22546
22547,22548
22550,22551
22554,22555
22557,22558
22559,22560
22561,22562
22565,22566
22567,22568
22570,22571
22574,22575
22579,22580
22583,22584
22592,22593
22601,22602
22606,22607
22609,22610
22611,22612
22614,22615
22622,22623
22630,22631
22636,22637
22642,22643
22645,22646
22650,22651
22655,22656
22659,22660
22664,22665
22667,22668
22670,22671
22672,22673
22675,22676
22679,22680
22681,22682
22683,22684
22685,22686
22687,22688
22692,22693
22699,22700
22702,22703
22705,22706
22711,22712
22716,22717
22720,22721
22727,22728
22729,22730
22732,22733
22735,22736
22740,22741
22747,22748
22751,22752
22756,22757
22760,22761
22763,22764
22765,22766
22767,22768
22772,22773
22776,22777
22782,22783
22787,22788
22791,22792
22793,22794
22796,22797
22800,22801
22802,22803
22806,22807
22809,22810
22812,22813
22816,22817
22819,22820
22823,22824
22828,22829
22833,22834
22838,22839
22842,22843
22847,22848
22852,22853
22857,22858
22861,22862
22869,22870
22879,22880
22882,22883
22885,22886
22891,22892
22896,22897
22902,22903
22906,22907
22911,22912
22915,22916
22921,22922
22926,22927
22929,22930
22931,22932
22934,22935
22937,22938
22944,22945
22948,22949
22953,22954
22957,22958
22960,22961
22965,22966
22972,22973
22975,22976
22978,22979
22981,22982
22985,22986
22990,22991
22993,22994
22996,22997
22999,23000
23002,23003
23004,23005
23007,23008
23010,23011
23013,23014
23015,23016
23018,23019
23024,23025
23030,23031
23038,23039
23043,23044
23048,23049
23051,23052
23054,23055
23057,23058
23060,23061
23062,23063
23067,23068
23073,23074
23079,23080
23087,23088
23092,23093
23098,23099
23105,23106
23111,23112
23117,23118
23120,23121
23123,23124
23126,23127
23128,23129
23132,23133
23135,23136
23137,23138
23141,23142
23145,23146
23147,23148
23150,23151
23154,23155
23158,23159
23163,23164
23165,23166
23169,23170
23172,23173
23175,23176
23178,23179
23182,23183
23184,23185
23186,23187
23188,23189
23190,23191
23193,23194
23196,23197
23199,23200
23201,23202
23206,23207
23211,23212
23215,23216
23219,23220
23223,23224
23226,23227
23228,23229
23230,23231
23232,23233
23235,23236
23240,23241
23245,23246
23250,23251
23254,23255
23256,23257
23258,23259
23262,23263
23267,23268
23269,23270
23271,23272
23278,23279
23281,23282
23284,23285
23286,23287
23288,23289
23293,23294
23299,23300
23303,23304
23305,23306
23307,23308
23311,23312
23316,23317
23321,23322
23324,23325
23329,23330
23333,23334
23335,23336
23340,23341
23347,23348
23349,23350
23351,23352
23354,23355
23358,23359
23367,23368
23375,23376
23379,23380
23386,23387
23389,23390
23394,23395
23400,23401
23404,23405
23407,23408
23410,23411
23412,23413
23417,23418
23422,23423
23426,23427
23429,23430
23432,23433
23436,23437
23440,23441
23445,23446
23451,23452
23453,23454
23456,23457
23459,23460
23462,23463
23464,23465
23467,23468
23470,23471
23479,23480
23487,23488
23490,23491
23494,23495
23502,23503
23507,23508
23509,23510
23511,23512
23513,23514
23517,23518
23522,23523
23526,23527
23532,23533
23534,23535
23538,23539
23545,23546
23550,23551
23552,23553
23557,23558
23562,23563
23565,23566
23567,23568
23573,23574
23579,23580
23581,23582
23584,23585
23587,23588
23591,23592
23594,23595
23598,23599
23602,23603
23604,23605
23607,23608
23611,23612
23618,23619
23623,23624
23626,23627
23630,23631
23632,23633
23636,23637
23640,23641
23645,23646
23652,23653
23656,23657
23660,23661
23663,23664
23665,23666
23670,23671
23674,23675
23679,23680
23682,23683
23684,23685
23687,23688
23690,23691
23693,23694
23698,23699
23702,23703
23705,23706
23710,23711
23714,23715
23717,23718
23720,23721
23722,23723
23724,23725
23726,23727
23728,23729
23732,23733
23736,23737
23741,23742
23745,23746
23747,23748
23749,23750
23751,23752
23754,23755
23759,23760
23765,23766
23769,23770
23772,23773
23777,23778
23780,23781
23784,23785
23788,23789
23790,23791
23796,23797
23800,23801
23805,23806
23809,23810
23813,23814
23817,23818
23819,23820
23821,23822
23825,23826
23832,23833
23835,23836
23837,23838
23840,23841
23844,23845
23849,23850
23854,23855
23856,23857
23858,23859
23862,23863
23864,23865
23867,23868
23871,23872
23873,23874
23877,23878
23881,23882
23886,23887
23888,23889
23891,23892
23895,23896
23899,23900
23902,23903
23905,23906
23910,23911
23915,23916
23917,23918
23920,23921
23926,23927
23932,23933
23935,23936
23939,23940
23942,23943
23946,23947
23949,23950
23951,23952
23956,23957
23961,23962
23963,23964
23968,23969
23971,23972
23974,23975
23979,23980
23983,23984
23986,23987
23988,23989
23993,23994
23999,24000
24003,24004
24006,24007
24009,24010
24011,24012
24014,24015
24017,24018
24021,24022
24028,24029
24038,24039
24042,24043
24046,24047
24050,24051
24053,24054
24055,24056
24057,24058
24061,24062
24065,24066
24071,24072
24076,24077
24081,24082
24085,24086
24087,24088
24090,24091
24096,24097
24102,24103
24106,24107
24110,24111
24116,24117
24123,24124
24125,24126
24128,24129
24131,24132
24134,24135
24137,24138
24142,24143
24145,24146
24150,24151
24152,24153
24154,24155
24159,24160
24164,24165
24167,24168
24172,24173
24175,24176
24180,24181
24185,24186
24188,24189
24191,24192
24194,24195
24196,24197
24201,24202
24206,24207
24211,24212
24214,24215
24217,24218
24221,24222
24224,24225
24227,24228
24230,24231
24232,24233
24237,24238
24242,24243
24244,24245
24248,24249
24251,24252
24254,24255
24257,24258
24261,24262
24264,24265
24267,24268
24269,24270
24272,24273
24275,24276
24277,24278
24279,24280
24282,24283
24286,24287
24290,24291
24294,24295
24301,24302
24306,24307
24312,24313
24316,24317
24319,24320
24321,24322
24323,24324
24325,24326
24330,24331
24332,24333
24335,24336
24338,24339
24341,24342
24345,24346
24349,24350
24355,24356
24360,24361
24362,24363
24364,24365
24367,24368
24370,24371
24376,24377
24381,24382
24384,24385
24387,24388
24394,24395
24399,24400
24401,24402
24403,24404
24405,24406
24407,24408
24412,24413
24416,24417
24420,24421
24423,24424
24426,24427
24429,24430
24434,24435
24440,24441
24442,24443
24446,24447
24454,24455
24460,24461
24466,24467
24470,24471
24472,24473
24474,24475
24479,24480
24484,24485
24488,24489
24491,24492
24496,24497
24501,24502
24505,24506
24507,24508
24509,24510
24512,24513
24516,24517
24519,24520
24523,24524
24527,24528
24532,24533
24537,24538
24544,24545
24551,24552
24553,24554
24555,24556
24558,24559
24561,24562
24563,24564
24565,24566
24571,24572
24576,24577
24579,24580
24581,24582
24584,24585
24590,24591
24595,24596
24598,24599
24602,24603
24606,24607
24610,24611
24614,24615
24619,24620
24621,24622
24627,24628
24634,24635
24640,24641
24645,24646
24652,24653
24656,24657
24658,24659
24661,24662
24665,24666
24669,24670
24673,24674
24677,24678
24680,24681
24683,24684
24686,24687
24689,24690
24695,24696
24699,24700
24701,24702
24703,24704
24706,24707
24708,24709
24712,24713
24717,24718
24719,24720
24721,24722
24726,24727
24731,24732
24737,24738
24744,24745
24748,24749
24751,24752
24756,24757
24759,24760
24764,24765
24769,24770
24771,24772
24774,24775
24777,24778
24781,24782
24786,24787
24792,24793
24796,24797
24799,24800
24805,24806
24811,24812
24813,24814
24817,24818
24821,24822
24828,24829
24834,24835
24841,24842
24843,24844
24845,24846
24847,24848
24849,24850
24855,24856
24861,24862
24863,24864
24865,24866
24867,24868
24871,24872
24875,24876
24880,24881
24884,24885
24886,24887
24888,24889
24891,24892
24893,24894
24895,24896
24899,24900
24903,24904
24906,24907
24910,24911
24915,24916
24921,24922
24923,24924
24929,24930
24936,24937
24939,24940
24943,24944
24945,24946
24948,24949
24958,24959
24962,24963
24964,24965
24967,24968
24971,24972
24975,24976
24979,24980
24986,24987
24988,24989
24990,24991
24994,24995
24998,24999
25001,25002
25005,25006
25009,25010
25012,25013
25016,25017
25019,25020
25023,25024
25029,25030
25032,25033
25035,25036
25040,25041
25043,25044
25046,25047
25050,25051
25054,25055
25056,25057
25061,25062
25066,25067
25070,25071
25074,25075
25078,25079
25083,25084
25091,25092
25100,25101
25105,25106
25111,25112
25115,25116
25117,25118
25119,25120
25125,25126
25133,25134
25138,25139
25143,25144
25147,25148
25150,25151
25152,25153
25156,25157
25158,25159
25163,25164
25165,25166
25169,25170
25172,25173
25176,25177
25181,25182
25185,25186
25189,25190
25191,25192
25196,25197
25201,25202
25204,25205
25207,25208
25210,25211
25214,25215
25218,25219
25221,25222
25223,25224
25225,25226
25232,25233
25239,25240
25242,25243
25244,25245
25247,25248
25250,25251
25255,25256
25258,25259
25260,25261
25262,25263
25265,25266
25268,25269
25272,25273
25277,25278
25283,25284
25286,25287
25290,25291
25293,25294
25297,25298
25300,25301
25303,25304
25306,25307
25308,25309
25310,25311
25315,25316
25321,25322
25326,25327
25329,25330
25332,25333
25336,25337
25339,25340
25344,25345
25349,25350
25357,25358
25366,25367
25368,25369
25370,25371
25372,25373
25376,25377
25379,25380
25383,25384
25385,25386
25388,25389
25391,25392
25393,25394
25395,25396
25397,25398
25401,25402
25405,25406
25407,25408
25409,25410
25413,25414
25417,25418
25419,25420
25421,25422
25424,25425
25426,25427
25428,25429
25430,25431
25434,25435
25439,25440
25445,25446
25450,25451
25453,25454
25456,25457
25458,25459
25460,25461
25463,25464
25466,25467
25471,25472
25476,25477
25479,25480
25482,25483
25490,25491
25498,25499
25500,25501
25502,25503
25506,25507
25510,25511
25514,25515
25520,25521
25527,25528
25533,25534
25535,25536
25537,25538
25541,25542
25545,25546
25548,25549
25552,25553
25556,25557
25563,25564
25569,25570
25572,25573
25575,25576
25580,25581
25584,25585
25588,25589
25595,25596
25601,25602
25608,25609
25610,25611
25612,25613
25615,25616
25619,25620
25623,25624
25628,25629
25635,25636
25642,25643
25645,25646
25648,25649
25650,25651
25653,25654
25657,25658
25660,25661
25663,25664
25666,25667
25669,25670
25673,25674
25675,25676
25678,25679
25681,25682
25684,25685
25689,25690
25695,25696
25701,25702
25705,25706
25710,25711
25714,25715
25717,25718
25720,25721
25725,25726
25729,25730
25733,25734
25735,25736
25738,25739
25741,25742
25744,25745
25747,25748
25753,25754
25759,25760
25762,25763
25765,25766
25768,25769
25771,25772
25775,25776
25779,25780
25784,25785
25787,25788
25791,25792
25795,25796
25798,25799
25800,25801
25805,25806
25808,25809
25811,25812
25814,25815
25816,25817
25818,25819
25822,25823
25827,25828
25833,25834
25837,25838
25841,25842
25845,25846
25849,25850
25853,25854
25856,25857
25861,25862
25865,25866
25870,25871
25873,25874
25878,25879
25881,25882
25885,25886
25890,25891
25895,25896
25900,25901
25907,25908
25911,25912
25916,25917
25918,25919
25920,25921
25923,25924
25926,25927
25929,25930
25931,25932
25935,25936
25939,25940
25942,25943
25945,25946
25950,25951
25954,25955
25957,25958
25959,25960
25962,25963
25964,25965
25966,25967
25968,25969
25972,25973
25976,25977
25978,25979
25982,25983
25986,25987
25991,25992
25996,25997
25999,26000
26001,26002
26004,26005
26009,26010
26011,26012
26013,26014
26015,26016
26019,26020
26022,26023
26024,26025
26031,26032
26034,26035
26038,26039
26041,26042
26044,26045
26047,26048
26050,26051
26052,26053
26055,26056
26058,26059
26061,26062
26065,26066
26070,26071
26073,26074
26078,26079
26080,26081
26084,26085
26088,26089
26092,26093
26096,26097
26100,26101
26102,26103
26105,26106
26108,26109
26111,26112
26117,26118
26120,26121
26123,26124
26126,26127
26129,26130
26134,26135
26139,26140
26145,26146
26150,26151
26154,26155
26160,26161
26164,26165
26168,26169
26173,26174
26177,26178
26180,26181
26183,26184
26190,26191
26198,26199
26201,26202
26206,26207
26209,26210
26213,26214
26215,26216
26217,26218
26219,26220
26223,26224
26225,26226
26227,26228
26229,26230
26231,26232
26234,26235
26239,26240
26246,26247
26250,26251
26253,26254
26258,26259
26263,26264
26268,26269
26272,26273
26274,26275
26277,26278
26280,26281
26283,26284
26287,26288
26291,26292
26294,26295
26297,26298
26300,26301
26303,26304
26306,26307
26310,26311
26314,26315
26316,26317
26319,26320
26324,26325
26330,26331
26336,26337
26342,26343
26347,26348
26352,26353
26356,26357
26359,26360
26362,26363
26364,26365
26367,26368
26369,26370
26373,26374
26380,26381
26386,26387
26391,26392
26395,26396
26397,26398
26399,26400
26401,26402
26403,26404
26407,26408
26411,26412
26414,26415
26417,26418
26421,26422
26425,26426
26429,26430
26436,26437
26438,26439
26442,26443
26446,26447
26450,26451
26457,26458
26464,26465
26468,26469
26472,26473
26475,26476
26479,26480
26481,26482
26485,26486
26488,26489
26493,26494
26498,26499
26504,26505
26509,26510
26512,26513
26514,26515
26518,26519
26520,26521
26522,26523
26526,26527
26528,26529
26530,26531
26535,26536
26541,26542
26543,26544
26546,26547
26551,26552
26556,26557
26561,26562
26567,26568
26571,26572
26573,26574
26577,26578
26580,26581
26585,26586
26591,26592
26595,26596
26599,26600
26603,26604
26607,26608
26609,26610
26612,26613
26616,26617
26619,26620
26624,26625
26627,26628
26629,26630
26631,26632
26634,26635
26638,26639
26641,26642
26644,26645
26647,26648
26651,26652
26655,26656
26659,26660
26663,26664
26670,26671
26674,26675
26678,26679
26680,26681
26684,26685
26688,26689
26691,26692
26694,26695
26696,26697
26699,26700
26704,26705
26709,26710
26712,26713
26714,26715
26717,26718
26721,26722
26726,26727
26728,26729
26730,26731
26736,26737
26741,26742
26746,26747
26749,26750
26753,26754
26757,26758
26761,26762
26765,26766
26768,26769
26772,26773
26774,26775
26776,26777
26778,26779
26780,26781
26782,26783
26789,26790
26794,26795
26796,26797
26802,26803
26807,26808
26812,26813
26815,26816
26819,26820
26823,26824
26825,26826
26827,26828
26830,26831
26833,26834
26835,26836
26838,26839
26843,26844
26847,26848
26850,26851
26852,26853
26857,26858
26862,26863
26866,26867
26869,26870
26872,26873
26876,26877
26880,26881
26885,26886
26889,26890
26892,26893
26896,26897
26899,26900
26902,26903
26904,26905
26907,26908
26913,26914
26919,26920
26921,26922
26924,26925
26928,26929
26932,26933
26936,26937
26939,26940
26941,26942
26943,26944
26946,26947
26949,26950
26953,26954
26957,26958
26960,26961
26963,26964
26965,26966
26968,26969
26973,26974
26976,26977
26979,26980
26982,26983
26984,26985
26986,26987
26988,26989
26990,26991
26993,26994
26995,26996
26998,26999
27002,27003
27008,27009
27014,27015
27018,27019
27022,27023
27024,27025
27028,27029
27032,27033
27036,27037
27039,27040
27042,27043
27046,27047
27050,27051
27054,27055
27058,27059
27060,27061
27062,27063
27067,27068
27073,27074
27078,27079
27084,27085
27090,27091
27096,27097
27100,27101
27104,27105
27107,27108
27112,27113
27115,27116
27118,27119
27121,27122
27123,27124
27127,27128
27130,27131
27133,27134
27136,27137
27138,27139
27145,27146
27152,27153
27157,27158
27162,27163
27166,27167
27171,27172
27176,27177
27183,27184
27185,27186
27190,27191
27194,27195
27198,27199
27203,27204
27207,27208
27210,27211
27214,27215
27217,27218
27220,27221
27223,27224
27225,27226
27228,27229
27231,27232
27235,27236
27237,27238
27241,27242
27245,27246
27248,27249
27251,27252
27254,27255
27257,27258
27262,27263
27266,27267
27268,27269
27270,27271
27272,27273
27275,27276
27277,27278
27279,27280
27283,27284
27287,27288
27294,27295
27301,27302
27303,27304
27306,27307
27308,27309
27311,27312
27315,27316
27318,27319
27326,27327
27335,27336
27337,27338
27339,27340
27342,27343
27344,27345
27347,27348
27350,27351
27353,27354
27358,27359
27361,27362
27365,27366
27368,27369
27372,27373
27375,27376
27380,27381
27383,27384
27387,27388
27391,27392
27396,27397
27401,27402
27406,27407
27408,27409
27412,27413
27420,27421
27428,27429
27431,27432
27434,27435
27437,27438
27441,27442
27445,27446
27450,27451
27452,27453
27455,27456
27459,27460
27464,27465
27471,27472
27473,27474
27475,27476
27480,27481
27485,27486
27488,27489
27492,27493
27494,27495
27499,27500
27504,27505
27507,27508
27511,27512
27514,27515
27517,27518
27521,27522
27524,27525
27526,27527
27529,27530
27533,27534
27537,27538
27539,27540
27541,27542
27549,27550
27557,27558
27560,27561
27563,27564
27566,27567
27569,27570
27572,27573
27575,27576
27579,27580
27583,27584
27586,27587
27590,27591
27592,27593
27594,27595
27597,27598
27600,27601
27603,27604
27606,27607
27609,27610
27613,27614
27616,27617
27620,27621
27623,27624
27627,27628
27630,27631
27633,27634
27640,27641
27644,27645
27647,27648
27650,27651
27653,27654
27661,27662
27668,27669
27672,27673
27678,27679
27683,27684
27689,27690
27694,27695
27699,27700
27702,27703
27706,27707
27709,27710
27713,27714
27717,27718
27720,27721
27724,27725
27728,27729
27730,27731
27733,27734
27738,27739
27744,27745
27751,27752
27758,27759
27760,27761
27766,27767
27772,27773
27777,27778
27782,27783
27787,27788
27793,27794
27798,27799
27803,27804
27809,27810
27815,27816
27818,27819
27821,27822
27825,27826
27829,27830
27832,27833
27836,27837
27841,27842
27844,27845
27850,27851
27854,27855
27862,27863
27870,27871
