uncorrupt_phrase_line_num,corrupt_phrase_line_num
1,3
6,8
13,15
17,19
22,24
26,28
30,32
34,36
38,40
41,43
45,47
48,50
51,53
58,60
68,70
72,74
76,78
82,84
87,89
90,92
98,100
103,105
109,111
114,116
117,119
120,122
124,126
127,129
131,133
139,141
144,146
150,152
155,157
161,163
168,170
176,178
181,183
185,187
191,193
194,196
198,200
203,205
207,209
211,213
216,218
220,222
225,227
231,233
237,239
240,242
245,247
252,254
255,257
258,260
264,266
268,270
272,274
277,279
280,282
287,289
293,295
301,303
308,310
315,317
318,320
321,323
327,329
333,335
336,338
339,341
346,348
357,359
362,364
367,369
372,374
376,378
379,381
383,385
391,393
394,396
397,399
400,402
404,406
407,409
412,414
415,417
420,422
427,429
430,432
433,435
439,441
444,446
449,451
452,454
461,463
464,466
468,470
474,476
483,485
488,490
492,494
499,501
505,507
516,518
521,523
525,527
534,536
537,539
541,543
545,547
549,551
552,554
556,558
559,561
569,571
572,574
580,582
583,585
586,588
589,591
592,594
596,598
601,603
607,609
613,615
616,618
626,628
632,634
635,637
639,641
648,650
652,654
657,659
666,668
672,674
679,681
684,686
689,691
695,697
702,704
707,709
712,714
717,719
721,723
726,728
738,740
744,746
750,752
753,755
759,761
764,766
771,773
779,781
782,784
785,787
789,791
793,795
799,801
806,808
810,812
815,817
818,820
823,825
832,834
843,845
847,849
850,852
857,859
866,868
873,875
880,882
883,885
889,891
892,894
896,898
905,907
915,917
920,922
925,927
929,931
933,935
936,938
940,942
946,948
952,954
957,959
960,962
964,966
968,970
971,973
974,976
977,979
982,984
987,989
993,995
1001,1003
1004,1006
1013,1015
1016,1018
1029,1031
1035,1037
1042,1044
1050,1052
1055,1057
1065,1067
1072,1074
1077,1079
1084,1086
1095,1097
1098,1100
1102,1104
1106,1108
1116,1118
1123,1125
1134,1136
1137,1139
1141,1143
1148,1150
1155,1157
1161,1163
1172,1174
1176,1178
1180,1182
1187,1189
1193,1195
1196,1198
1203,1205
1209,1211
1216,1218
1219,1221
1222,1224
1225,1227
1228,1230
1234,1236
1241,1243
1245,1247
1248,1250
1251,1253
1260,1262
1264,1266
1268,1270
1271,1273
1275,1277
1279,1281
1284,1286
1289,1291
1292,1294
1296,1298
1301,1303
1306,1308
1309,1311
1312,1314
1316,1318
1320,1322
1326,1328
1332,1334
1335,1337
1338,1340
1343,1345
1348,1350
1351,1353
1356,1358
1361,1363
1365,1367
1370,1372
1374,1376
1377,1379
1384,1386
1387,1389
1392,1394
1402,1404
1406,1408
1409,1411
1413,1415
1417,1419
1422,1424
1427,1429
1432,1434
1437,1439
1442,1444
1446,1448
1450,1452
1453,1455
1457,1459
1465,1467
1469,1471
1475,1477
1479,1481
1482,1484
1485,1487
1488,1490
1492,1494
1497,1499
1503,1505
1509,1511
1512,1514
1515,1517
1520,1522
1526,1528
1531,1533
1537,1539
1541,1543
1544,1546
1547,1549
1551,1553
1557,1559
1571,1573
1575,1577
1580,1582
1584,1586
1590,1592
1594,1596
1597,1599
1600,1602
1604,1606
1608,1610
1611,1613
1615,1617
1619,1621
1624,1626
1629,1631
1633,1635
1637,1639
1641,1643
1644,1646
1648,1650
1653,1655
1657,1659
1663,1665
1667,1669
1672,1674
1677,1679
1683,1685
1689,1691
1693,1695
1696,1698
1703,1705
1710,1712
1716,1718
1721,1723
1726,1728
1731,1733
1737,1739
1745,1747
1750,1752
1755,1757
1760,1762
1765,1767
1770,1772
1774,1776
1781,1783
1789,1791
1795,1797
1799,1801
1809,1811
1814,1816
1818,1820
1824,1826
1828,1830
1837,1839
1842,1844
1850,1852
1856,1858
1860,1862
1863,1865
1867,1869
1880,1882
1883,1885
1888,1890
1891,1893
1894,1896
1899,1901
1903,1905
1906,1908
1911,1913
1915,1917
1921,1923
1925,1927
1937,1939
1942,1944
1953,1955
1956,1958
1962,1964
1966,1968
1973,1975
1978,1980
1982,1984
1985,1987
1988,1990
1992,1994
1995,1997
2002,2004
2005,2007
2009,2011
2015,2017
2021,2023
2025,2027
2028,2030
2034,2036
2041,2043
2048,2050
2055,2057
2058,2060
2061,2063
2065,2067
2071,2073
2075,2077
2081,2083
2084,2086
2087,2089
2094,2096
2102,2104
2105,2107
2109,2111
2116,2118
2119,2121
2122,2124
2125,2127
2129,2131
2132,2134
2136,2138
2140,2142
2151,2153
2154,2156
2159,2161
2163,2165
2168,2170
2172,2174
2177,2179
2180,2182
2184,2186
2188,2190
2193,2195
2199,2201
2204,2206
2210,2212
2213,2215
2217,2219
2220,2222
2223,2225
2229,2231
2235,2237
2240,2242
2244,2246
2250,2252
2253,2255
2261,2263
2264,2266
2269,2271
2273,2275
2282,2284
2286,2288
2289,2291
2293,2295
2297,2299
2300,2302
2305,2307
2308,2310
2312,2314
2316,2318
2320,2322
2323,2325
2326,2328
2331,2333
2341,2343
2346,2348
2349,2351
2353,2355
2357,2359
2361,2363
2365,2367
2368,2370
2380,2382
2385,2387
2388,2390
2391,2393
2394,2396
2398,2400
2401,2403
2407,2409
2410,2412
2413,2415
2422,2424
2431,2433
2435,2437
2440,2442
2447,2449
2452,2454
2464,2466
2468,2470
2480,2482
2484,2486
2489,2491
2492,2494
2498,2500
2502,2504
2509,2511
2512,2514
2515,2517
2519,2521
2525,2527
2529,2531
2532,2534
2536,2538
2541,2543
2546,2548
2556,2558
2566,2568
2573,2575
2578,2580
2583,2585
2588,2590
2592,2594
2597,2599
2600,2602
2605,2607
2610,2612
2613,2615
2616,2618
2619,2621
2622,2624
2627,2629
2630,2632
2633,2635
2638,2640
2641,2643
2646,2648
2649,2651
2652,2654
2655,2657
2663,2665
2668,2670
2674,2676
2678,2680
2684,2686
2689,2691
2692,2694
2697,2699
2700,2702
2703,2705
2707,2709
2712,2714
2719,2721
2723,2725
2727,2729
2730,2732
2733,2735
2738,2740
2742,2744
2747,2749
2755,2757
2759,2761
2762,2764
2765,2767
2768,2770
2771,2773
2775,2777
2779,2781
2782,2784
2786,2788
2795,2797
2800,2802
2807,2809
2812,2814
2815,2817
2820,2822
2826,2828
2829,2831
2832,2834
2842,2844
2845,2847
2850,2852
2854,2856
2861,2863
2865,2867
2874,2876
2879,2881
2886,2888
2890,2892
2893,2895
2896,2898
2899,2901
2905,2907
2910,2912
2915,2917
2920,2922
2925,2927
2931,2933
2939,2941
2943,2945
2950,2952
2953,2955
2959,2961
2964,2966
2967,2969
2970,2972
2973,2975
2978,2980
2981,2983
2988,2990
2997,2999
3000,3002
3004,3006
3009,3011
3016,3018
3021,3023
3027,3029
3038,3040
3043,3045
3048,3050
3051,3053
3056,3058
3064,3066
3068,3070
3072,3074
3075,3077
3078,3080
3084,3086
3088,3090
3093,3095
3102,3104
3107,3109
3116,3118
3120,3122
3123,3125
3127,3129
3130,3132
3133,3135
3137,3139
3142,3144
3147,3149
3153,3155
3157,3159
3163,3165
3166,3168
3169,3171
3172,3174
3176,3178
3180,3182
3188,3190
3192,3194
3197,3199
3200,3202
3203,3205
3207,3209
3212,3214
3217,3219
3220,3222
3226,3228
3233,3235
3237,3239
3244,3246
3247,3249
3251,3253
3255,3257
3259,3261
3267,3269
3272,3274
3282,3284
3285,3287
3288,3290
3294,3296
3298,3300
3302,3304
3308,3310
3311,3313
3316,3318
3321,3323
3324,3326
3328,3330
3331,3333
3338,3340
3344,3346
3355,3357
3361,3363
3364,3366
3369,3371
3373,3375
3377,3379
3380,3382
3384,3386
3397,3399
3400,3402
3403,3405
3407,3409
3411,3413
3415,3417
3418,3420
3425,3427
3429,3431
3434,3436
3441,3443
3448,3450
3456,3458
3461,3463
3466,3468
3471,3473
3477,3479
3480,3482
3487,3489
3493,3495
3499,3501
3502,3504
3506,3508
3512,3514
3518,3520
3523,3525
3531,3533
3534,3536
3538,3540
3543,3545
3549,3551
3552,3554
3556,3558
3559,3561
3562,3564
3565,3567
3569,3571
3578,3580
3581,3583
3587,3589
3596,3598
3599,3601
3602,3604
3606,3608
3612,3614
3615,3617
3618,3620
3626,3628
3630,3632
3638,3640
3642,3644
3650,3652
3653,3655
3657,3659
3662,3664
3670,3672
3678,3680
3683,3685
3690,3692
3696,3698
3701,3703
3705,3707
3709,3711
3712,3714
3716,3718
3719,3721
3722,3724
3727,3729
3730,3732
3734,3736
3742,3744
3747,3749
3754,3756
3758,3760
3764,3766
3774,3776
3778,3780
3781,3783
3784,3786
3790,3792
3798,3800
3802,3804
3807,3809
3813,3815
3816,3818
3819,3821
3824,3826
3831,3833
3834,3836
3838,3840
3842,3844
3846,3848
3849,3851
3853,3855
3858,3860
3862,3864
3870,3872
3874,3876
3877,3879
3883,3885
3889,3891
3893,3895
3897,3899
3900,3902
3903,3905
3906,3908
3911,3913
3916,3918
3921,3923
3926,3928
3930,3932
3935,3937
3940,3942
3951,3953
3957,3959
3964,3966
3969,3971
3975,3977
3979,3981
3982,3984
3986,3988
3990,3992
3996,3998
4002,4004
4008,4010
4012,4014
4015,4017
4020,4022
4027,4029
4032,4034
4039,4041
4042,4044
4049,4051
4053,4055
4059,4061
4063,4065
4066,4068
4070,4072
4079,4081
4087,4089
4092,4094
4104,4106
4107,4109
4112,4114
4118,4120
4124,4126
4127,4129
4132,4134
4135,4137
4138,4140
4142,4144
4145,4147
4149,4151
4155,4157
4164,4166
4171,4173
4174,4176
4177,4179
4181,4183
4187,4189
4193,4195
4199,4201
4203,4205
4207,4209
4211,4213
4217,4219
4222,4224
4225,4227
4229,4231
4238,4240
4241,4243
4248,4250
4252,4254
4255,4257
4258,4260
4261,4263
4266,4268
4270,4272
4273,4275
4278,4280
4286,4288
4290,4292
4294,4296
4299,4301
4303,4305
4308,4310
4316,4318
4320,4322
4325,4327
4329,4331
4332,4334
4336,4338
4343,4345
4348,4350
4352,4354
4355,4357
4360,4362
4363,4365
4367,4369
4375,4377
4380,4382
4384,4386
4389,4391
4392,4394
4398,4400
4407,4409
4416,4418
4419,4421
4424,4426
4434,4436
4437,4439
4440,4442
4445,4447
4451,4453
4456,4458
4460,4462
4466,4468
4471,4473
4477,4479
4483,4485
4488,4490
4494,4496
4498,4500
4501,4503
4507,4509
4512,4514
4515,4517
4518,4520
4524,4526
4534,4536
4537,4539
4540,4542
4543,4545
4547,4549
4554,4556
4562,4564
4565,4567
4568,4570
4572,4574
4575,4577
4581,4583
4586,4588
4592,4594
4604,4606
4608,4610
4611,4613
4614,4616
4617,4619
4621,4623
4627,4629
4631,4633
4637,4639
4643,4645
4646,4648
4653,4655
4659,4661
4663,4665
4666,4668
4669,4671
4677,4679
4684,4686
4687,4689
4690,4692
4695,4697
4698,4700
4703,4705
4712,4714
4715,4717
4718,4720
4722,4724
4727,4729
4730,4732
4734,4736
4740,4742
4751,4753
4755,4757
4761,4763
4767,4769
4774,4776
4783,4785
4787,4789
4791,4793
4799,4801
4806,4808
4809,4811
4818,4820
4824,4826
4836,4838
4839,4841
4843,4845
4846,4848
4849,4851
4856,4858
4863,4865
4874,4876
4883,4885
4888,4890
4891,4893
4898,4900
4901,4903
4904,4906
4909,4911
4918,4920
4922,4924
4926,4928
4929,4931
4940,4942
4945,4947
4951,4953
4954,4956
4960,4962
4963,4965
4966,4968
4969,4971
4972,4974
4977,4979
4982,4984
4986,4988
4993,4995
4999,5001
5003,5005
5008,5010
5016,5018
5019,5021
5025,5027
5028,5030
5032,5034
5037,5039
5041,5043
5045,5047
5048,5050
5053,5055
5060,5062
5067,5069
5071,5073
5076,5078
5081,5083
5086,5088
5092,5094
5098,5100
5105,5107
5110,5112
5120,5122
5124,5126
5127,5129
5130,5132
5136,5138
5140,5142
5149,5151
5154,5156
5162,5164
5166,5168
5171,5173
5175,5177
5179,5181
5182,5184
5185,5187
5188,5190
5191,5193
5195,5197
5199,5201
5203,5205
5206,5208
5212,5214
5215,5217
5220,5222
5226,5228
5232,5234
5241,5243
5245,5247
5250,5252
5254,5256
5259,5261
5264,5266
5278,5280
5283,5285
5286,5288
5289,5291
5292,5294
5295,5297
5298,5300
5302,5304
5307,5309
5312,5314
5316,5318
5319,5321
5325,5327
5329,5331
5332,5334
5339,5341
5346,5348
5349,5351
5353,5355
5359,5361
5365,5367
5370,5372
5376,5378
5380,5382
5387,5389
5391,5393
5395,5397
5398,5400
5403,5405
5406,5408
5410,5412
5414,5416
5420,5422
5425,5427
5431,5433
5442,5444
5446,5448
5450,5452
5457,5459
5460,5462
5465,5467
5472,5474
5477,5479
5480,5482
5485,5487
5490,5492
5495,5497
5503,5505
5507,5509
5510,5512
5513,5515
5516,5518
5519,5521
5523,5525
5528,5530
5533,5535
5536,5538
5542,5544
5548,5550
5551,5553
5554,5556
5558,5560
5562,5564
5568,5570
5573,5575
5577,5579
5585,5587
5589,5591
5597,5599
5601,5603
5606,5608
5610,5612
5613,5615
5618,5620
5623,5625
5631,5633
5638,5640
5641,5643
5648,5650
5652,5654
5657,5659
5664,5666
5670,5672
5673,5675
5676,5678
5679,5681
5682,5684
5689,5691
5693,5695
5698,5700
5703,5705
5706,5708
5709,5711
5713,5715
5724,5726
5728,5730
5731,5733
5737,5739
5747,5749
5752,5754
5755,5757
5762,5764
5768,5770
5773,5775
5778,5780
5782,5784
5786,5788
5790,5792
5794,5796
5799,5801
5804,5806
5811,5813
5816,5818
5819,5821
5824,5826
5827,5829
5838,5840
5842,5844
5846,5848
5850,5852
5854,5856
5861,5863
5868,5870
5871,5873
5874,5876
5883,5885
5898,5900
5901,5903
5905,5907
5909,5911
5916,5918
5919,5921
5923,5925
5926,5928
5929,5931
5932,5934
5935,5937
5940,5942
5947,5949
5953,5955
5959,5961
5964,5966
5969,5971
5973,5975
5987,5989
5991,5993
5998,6000
6001,6003
6005,6007
6010,6012
6015,6017
6020,6022
6025,6027
6032,6034
6042,6044
6049,6051
6054,6056
6058,6060
6061,6063
6065,6067
6071,6073
6074,6076
6077,6079
6080,6082
6084,6086
6087,6089
6091,6093
6096,6098
6099,6101
6107,6109
6110,6112
6115,6117
6121,6123
6124,6126
6128,6130
6133,6135
6137,6139
6140,6142
6143,6145
6146,6148
6156,6158
6160,6162
6164,6166
6172,6174
6175,6177
6178,6180
6181,6183
6184,6186
6189,6191
6194,6196
6203,6205
6213,6215
6219,6221
6226,6228
6232,6234
6240,6242
6243,6245
6246,6248
6251,6253
6254,6256
6257,6259
6263,6265
6269,6271
6273,6275
6276,6278
6279,6281
6283,6285
6286,6288
6289,6291
6293,6295
6297,6299
6301,6303
6305,6307
6309,6311
6312,6314
6315,6317
6318,6320
6326,6328
6331,6333
6349,6351
6352,6354
6357,6359
6362,6364
6367,6369
6372,6374
6375,6377
6379,6381
6382,6384
6385,6387
6390,6392
6395,6397
6400,6402
6404,6406
6408,6410
6412,6414
6415,6417
6420,6422
6428,6430
6431,6433
6435,6437
6443,6445
6446,6448
6449,6451
6454,6456
6460,6462
6465,6467
6470,6472
6475,6477
6481,6483
6487,6489
6491,6493
6496,6498
6500,6502
6505,6507
6511,6513
6516,6518
6520,6522
6524,6526
6529,6531
6538,6540
6542,6544
6546,6548
6551,6553
6555,6557
6559,6561
6565,6567
6571,6573
6578,6580
6588,6590
6595,6597
6601,6603
6607,6609
6611,6613
6615,6617
6618,6620
6623,6625
6628,6630
6631,6633
6634,6636
6641,6643
6644,6646
6651,6653
6658,6660
6662,6664
6666,6668
6671,6673
6678,6680
6683,6685
6688,6690
6692,6694
6695,6697
6698,6700
6701,6703
6704,6706
6707,6709
6710,6712
6714,6716
6719,6721
6726,6728
6732,6734
6737,6739
6740,6742
6745,6747
6749,6751
6754,6756
6766,6768
6772,6774
6777,6779
6782,6784
6788,6790
6794,6796
6799,6801
6808,6810
6812,6814
6816,6818
6823,6825
6831,6833
6841,6843
6845,6847
6851,6853
6855,6857
6859,6861
6868,6870
6873,6875
6880,6882
6885,6887
6890,6892
6895,6897
6899,6901
6902,6904
6906,6908
6910,6912
6913,6915
6918,6920
6923,6925
6926,6928
6929,6931
6932,6934
6935,6937
6942,6944
6946,6948
6950,6952
6954,6956
6958,6960
6961,6963
6964,6966
6967,6969
6970,6972
6975,6977
6983,6985
6989,6991
6994,6996
6998,7000
7007,7009
7012,7014
7018,7020
7021,7023
7024,7026
7030,7032
7034,7036
7041,7043
7046,7048
7053,7055
7060,7062
7063,7065
7066,7068
7069,7071
7072,7074
7080,7082
7088,7090
7093,7095
7099,7101
7103,7105
7107,7109
7111,7113
7116,7118
7121,7123
7124,7126
7129,7131
7133,7135
7137,7139
7141,7143
7144,7146
7149,7151
7156,7158
7164,7166
7169,7171
7174,7176
7181,7183
7186,7188
7190,7192
7194,7196
7201,7203
7209,7211
7215,7217
7218,7220
7231,7233
7235,7237
7242,7244
7245,7247
7252,7254
7256,7258
7262,7264
7265,7267
7269,7271
7278,7280
7285,7287
7289,7291
7293,7295
7298,7300
7303,7305
7308,7310
7315,7317
7324,7326
7327,7329
7331,7333
7336,7338
7341,7343
7347,7349
7356,7358
7360,7362
7364,7366
7369,7371
7382,7384
7385,7387
7389,7391
7394,7396
7398,7400
7403,7405
7410,7412
7415,7417
7419,7421
7426,7428
7433,7435
7436,7438
7439,7441
7443,7445
7447,7449
7451,7453
7454,7456
7457,7459
7463,7465
7468,7470
7474,7476
7477,7479
7480,7482
7483,7485
7487,7489
7493,7495
7501,7503
7504,7506
7507,7509
7511,7513
7517,7519
7523,7525
7528,7530
7533,7535
7536,7538
7539,7541
7543,7545
7560,7562
7563,7565
7567,7569
7571,7573
7579,7581
7584,7586
7590,7592
7598,7600
7601,7603
7604,7606
7611,7613
7618,7620
7624,7626
7629,7631
7635,7637
7640,7642
7647,7649
7650,7652
7653,7655
7657,7659
7661,7663
7665,7667
7668,7670
7671,7673
7675,7677
7680,7682
7683,7685
7689,7691
7694,7696
7698,7700
7702,7704
7707,7709
7715,7717
7718,7720
7722,7724
7725,7727
7729,7731
7734,7736
7738,7740
7745,7747
7751,7753
7754,7756
7760,7762
7765,7767
7768,7770
7773,7775
7776,7778
7781,7783
7785,7787
7789,7791
7794,7796
7798,7800
7803,7805
7809,7811
7812,7814
7821,7823
7826,7828
7833,7835
7840,7842
7843,7845
7846,7848
7853,7855
7859,7861
7864,7866
7870,7872
7875,7877
7881,7883
7888,7890
7894,7896
7902,7904
7906,7908
7909,7911
7915,7917
7926,7928
7933,7935
7939,7941
7943,7945
7946,7948
7951,7953
7957,7959
7961,7963
7968,7970
7972,7974
7977,7979
7982,7984
7985,7987
7988,7990
7992,7994
8003,8005
8006,8008
8009,8011
8014,8016
8018,8020
8021,8023
8024,8026
8027,8029
8030,8032
8035,8037
8042,8044
8045,8047
8048,8050
8053,8055
8056,8058
8063,8065
8066,8068
8069,8071
8073,8075
8077,8079
8081,8083
8086,8088
8093,8095
8098,8100
8101,8103
8104,8106
8108,8110
8112,8114
8117,8119
8121,8123
8125,8127
8131,8133
8134,8136
8137,8139
8140,8142
8144,8146
8147,8149
8150,8152
8153,8155
8163,8165
8172,8174
8177,8179
8185,8187
8189,8191
8195,8197
8198,8200
8205,8207
8209,8211
8214,8216
8221,8223
8227,8229
8233,8235
8238,8240
8250,8252
8254,8256
8258,8260
8265,8267
8271,8273
8276,8278
8279,8281
8290,8292
8293,8295
8296,8298
8301,8303
8307,8309
8313,8315
8320,8322
8325,8327
8331,8333
8336,8338
8341,8343
8346,8348
8352,8354
8358,8360
8362,8364
8366,8368
8372,8374
8378,8380
8383,8385
8388,8390
8394,8396
8402,8404
8409,8411
8415,8417
8418,8420
8421,8423
8425,8427
8430,8432
8435,8437
8441,8443
8449,8451
8453,8455
8457,8459
8463,8465
8469,8471
8472,8474
8475,8477
8478,8480
8481,8483
8487,8489
8494,8496
8498,8500
8502,8504
8510,8512
8516,8518
8522,8524
8528,8530
8533,8535
8538,8540
8541,8543
8545,8547
8550,8552
8559,8561
8569,8571
8577,8579
8580,8582
8584,8586
8587,8589
8591,8593
8596,8598
8601,8603
8606,8608
8610,8612
8618,8620
8623,8625
8626,8628
8632,8634
8638,8640
8643,8645
8646,8648
8652,8654
8661,8663
8664,8666
8667,8669
8675,8677
8682,8684
8688,8690
8693,8695
8698,8700
8703,8705
8707,8709
8711,8713
8715,8717
8723,8725
8732,8734
8739,8741
8745,8747
8753,8755
8756,8758
8762,8764
8769,8771
8776,8778
8784,8786
8788,8790
8792,8794
8796,8798
8801,8803
8806,8808
8811,8813
8816,8818
8820,8822
8823,8825
8826,8828
8831,8833
8834,8836
8837,8839
8842,8844
8846,8848
8849,8851
8852,8854
8860,8862
8864,8866
8868,8870
8874,8876
8878,8880
8881,8883
8886,8888
8894,8896
8901,8903
8904,8906
8907,8909
8912,8914
8917,8919
8923,8925
8930,8932
8935,8937
8940,8942
8945,8947
8949,8951
8952,8954
8955,8957
8958,8960
8963,8965
8969,8971
8973,8975
8976,8978
8979,8981
8983,8985
8989,8991
8992,8994
8997,8999
9003,9005
9006,9008
9009,9011
9013,9015
9017,9019
9020,9022
9024,9026
9029,9031
9032,9034
9035,9037
9046,9048
9053,9055
9061,9063
9065,9067
9069,9071
9072,9074
9075,9077
9078,9080
9084,9086
9091,9093
9095,9097
9099,9101
9103,9105
9110,9112
9113,9115
9116,9118
9121,9123
9124,9126
9127,9129
9130,9132
9134,9136
9138,9140
9141,9143
9144,9146
9150,9152
9155,9157
9160,9162
9168,9170
9174,9176
9182,9184
9188,9190
9193,9195
9200,9202
9206,9208
9209,9211
9212,9214
9215,9217
9218,9220
9223,9225
9228,9230
9232,9234
9237,9239
9243,9245
9251,9253
9258,9260
9265,9267
9270,9272
9275,9277
9282,9284
9287,9289
9302,9304
9306,9308
9310,9312
9315,9317
9320,9322
9324,9326
9327,9329
9333,9335
9339,9341
9344,9346
9349,9351
9353,9355
9357,9359
9362,9364
9368,9370
9372,9374
9379,9381
9384,9386
9390,9392
9393,9395
9396,9398
9399,9401
9402,9404
9405,9407
9409,9411
9416,9418
9420,9422
9425,9427
9428,9430
9433,9435
9439,9441
9443,9445
9448,9450
9454,9456
9459,9461
9468,9470
9473,9475
9477,9479
9481,9483
9487,9489
9492,9494
9497,9499
9502,9504
9508,9510
9511,9513
9514,9516
9518,9520
9522,9524
9525,9527
9531,9533
9542,9544
9547,9549
9552,9554
9555,9557
9558,9560
9562,9564
9567,9569
9570,9572
9577,9579
9583,9585
9590,9592
9597,9599
9602,9604
9605,9607
9610,9612
9613,9615
9616,9618
9623,9625
9631,9633
9635,9637
9638,9640
9643,9645
9649,9651
9653,9655
9657,9659
9662,9664
9666,9668
9671,9673
9678,9680
9681,9683
9686,9688
9690,9692
9696,9698
9703,9705
9707,9709
9712,9714
9717,9719
9729,9731
9733,9735
9737,9739
9743,9745
9748,9750
9753,9755
9756,9758
9760,9762
9765,9767
9771,9773
9783,9785
9786,9788
9790,9792
9796,9798
9802,9804
9807,9809
9810,9812
9814,9816
9830,9832
9835,9837
9843,9845
9847,9849
9850,9852
9853,9855
9856,9858
9865,9867
9870,9872
9876,9878
9881,9883
9884,9886
9887,9889
9891,9893
9895,9897
9900,9902
9906,9908
9909,9911
9915,9917
9918,9920
9922,9924
9925,9927
9928,9930
9931,9933
9934,9936
9938,9940
9945,9947
9950,9952
9954,9956
9958,9960
9972,9974
9976,9978
9981,9983
9989,9991
9995,9997
9998,10000
10004,10006
10008,10010
10011,10013
10014,10016
10021,10023
10025,10027
10029,10031
10034,10036
10041,10043
10045,10047
10048,10050
10056,10058
10063,10065
10067,10069
10070,10072
10078,10080
10085,10087
10089,10091
10092,10094
10095,10097
10098,10100
10103,10105
10107,10109
10112,10114
10119,10121
10125,10127
10135,10137
10141,10143
10147,10149
10151,10153
10154,10156
10157,10159
10160,10162
10166,10168
10170,10172
10174,10176
10177,10179
10182,10184
10186,10188
10189,10191
10192,10194
10196,10198
10201,10203
10204,10206
10209,10211
10212,10214
10215,10217
10218,10220
10223,10225
10230,10232
10238,10240
10242,10244
10247,10249
10252,10254
10257,10259
10264,10266
10272,10274
10276,10278
10280,10282
10284,10286
10287,10289
10291,10293
10300,10302
10304,10306
10311,10313
10314,10316
10317,10319
10320,10322
10323,10325
10328,10330
10333,10335
10337,10339
10346,10348
10353,10355
10357,10359
10362,10364
10366,10368
10373,10375
10378,10380
10383,10385
10387,10389
10398,10400
10402,10404
10410,10412
10416,10418
10426,10428
10431,10433
10434,10436
10438,10440
10442,10444
10446,10448
10450,10452
10453,10455
10456,10458
10461,10463
10464,10466
10468,10470
10472,10474
10475,10477
10479,10481
10488,10490
10492,10494
10495,10497
10498,10500
10501,10503
10507,10509
10513,10515
10518,10520
10523,10525
10526,10528
10529,10531
10538,10540
10542,10544
10546,10548
10551,10553
10559,10561
10563,10565
10567,10569
10571,10573
10578,10580
10583,10585
10588,10590
10591,10593
10594,10596
10597,10599
10602,10604
10605,10607
10608,10610
10611,10613
10615,10617
10618,10620
10623,10625
10627,10629
10634,10636
10639,10641
10643,10645
10648,10650
10653,10655
10660,10662
10668,10670
10671,10673
10674,10676
10679,10681
10684,10686
10691,10693
10694,10696
10697,10699
10703,10705
10708,10710
10713,10715
10717,10719
10720,10722
10723,10725
10726,10728
10730,10732
10734,10736
10738,10740
10744,10746
10749,10751
10753,10755
10757,10759
10762,10764
10768,10770
10771,10773
10775,10777
10779,10781
10783,10785
10787,10789
10793,10795
10797,10799
10802,10804
10805,10807
10810,10812
10815,10817
10820,10822
10823,10825
10830,10832
10835,10837
10843,10845
10850,10852
10855,10857
10861,10863
10864,10866
10868,10870
10876,10878
10879,10881
10882,10884
10885,10887
10888,10890
10892,10894
10896,10898
10904,10906
10909,10911
10914,10916
10919,10921
10923,10925
10928,10930
10933,10935
10938,10940
10943,10945
10950,10952
10957,10959
10962,10964
10967,10969
10970,10972
10973,10975
10976,10978
10980,10982
10985,10987
10988,10990
10991,10993
10997,10999
11013,11015
11016,11018
11019,11021
11022,11024
11025,11027
11031,11033
11037,11039
11041,11043
11044,11046
11047,11049
11053,11055
11061,11063
11065,11067
11069,11071
11074,11076
11078,11080
11084,11086
11089,11091
11095,11097
11099,11101
11105,11107
11110,11112
11114,11116
11118,11120
11126,11128
11130,11132
11138,11140
11143,11145
11147,11149
11153,11155
11156,11158
11160,11162
11164,11166
11167,11169
11171,11173
11174,11176
11177,11179
11181,11183
11184,11186
11187,11189
11190,11192
11194,11196
11200,11202
11208,11210
11216,11218
11219,11221
11223,11225
11231,11233
11236,11238
11241,11243
11244,11246
11247,11249
11254,11256
11261,11263
11265,11267
11272,11274
11275,11277
11278,11280
11281,11283
11284,11286
11288,11290
11292,11294
11295,11297
11300,11302
11304,11306
11308,11310
11313,11315
11317,11319
11323,11325
11332,11334
11336,11338
11340,11342
11344,11346
11348,11350
11353,11355
11358,11360
11361,11363
11364,11366
11369,11371
11374,11376
11378,11380
11388,11390
11397,11399
11401,11403
11405,11407
11409,11411
11415,11417
11420,11422
11425,11427
11430,11432
11437,11439
11440,11442
11445,11447
11449,11451
11454,11456
11462,11464
11465,11467
11468,11470
11473,11475
11481,11483
11484,11486
11491,11493
11494,11496
11498,11500
11504,11506
11509,11511
11514,11516
11517,11519
11523,11525
11526,11528
11529,11531
11532,11534
11535,11537
11540,11542
11543,11545
11547,11549
11551,11553
11554,11556
11560,11562
11563,11565
11566,11568
11569,11571
11578,11580
11581,11583
11584,11586
11588,11590
11592,11594
11598,11600
11604,11606
11611,11613
11617,11619
11625,11627
11631,11633
11636,11638
11642,11644
11647,11649
11652,11654
11655,11657
11663,11665
11667,11669
11671,11673
11675,11677
11682,11684
11685,11687
11692,11694
11698,11700
11705,11707
11708,11710
11713,11715
11716,11718
11721,11723
11724,11726
11727,11729
11733,11735
11742,11744
11746,11748
11752,11754
11759,11761
11764,11766
11768,11770
11773,11775
11776,11778
11784,11786
11791,11793
11797,11799
11802,11804
11808,11810
11816,11818
11819,11821
11830,11832
11833,11835
11841,11843
11846,11848
11851,11853
11856,11858
11862,11864
11869,11871
11872,11874
11875,11877
11879,11881
11882,11884
11885,11887
11891,11893
11899,11901
11902,11904
11905,11907
11912,11914
11920,11922
11927,11929
11937,11939
11943,11945
11946,11948
11949,11951
11952,11954
11956,11958
11964,11966
11967,11969
11970,11972
11977,11979
11982,11984
11988,11990
11996,11998
11999,12001
12004,12006
12010,12012
12013,12015
12018,12020
12021,12023
12024,12026
12027,12029
12030,12032
12035,12037
12040,12042
12045,12047
12051,12053
12057,12059
12064,12066
12071,12073
12076,12078
12082,12084
12085,12087
12092,12094
12100,12102
12106,12108
12112,12114
12117,12119
12120,12122
12124,12126
12128,12130
12136,12138
12141,12143
12146,12148
12149,12151
12154,12156
12163,12165
12166,12168
12175,12177
12179,12181
12184,12186
12192,12194
12195,12197
12198,12200
12206,12208
12211,12213
12215,12217
12220,12222
12224,12226
12228,12230
12233,12235
12236,12238
12240,12242
12244,12246
12249,12251
12253,12255
12258,12260
12264,12266
12267,12269
12272,12274
12276,12278
12279,12281
12282,12284
12292,12294
12295,12297
12300,12302
12311,12313
12316,12318
12325,12327
12329,12331
12333,12335
12337,12339
12341,12343
12346,12348
12354,12356
12359,12361
12364,12366
12374,12376
12379,12381
12387,12389
12393,12395
12396,12398
12400,12402
12406,12408
12410,12412
12416,12418
12422,12424
12429,12431
12437,12439
12440,12442
12443,12445
12448,12450
12452,12454
12458,12460
12463,12465
12467,12469
12477,12479
12480,12482
12484,12486
12487,12489
12494,12496
12498,12500
12502,12504
12507,12509
12512,12514
12516,12518
12520,12522
12524,12526
12528,12530
12533,12535
12536,12538
12541,12543
12546,12548
12550,12552
12556,12558
12559,12561
12562,12564
12565,12567
12570,12572
12577,12579
12584,12586
12587,12589
12592,12594
12604,12606
12607,12609
12612,12614
12616,12618
12621,12623
12625,12627
12629,12631
12632,12634
12637,12639
12643,12645
12648,12650
12656,12658
12662,12664
12665,12667
12670,12672
12673,12675
12676,12678
12679,12681
12685,12687
12691,12693
12694,12696
12697,12699
12701,12703
12704,12706
12717,12719
12721,12723
12730,12732
12734,12736
12740,12742
12744,12746
12747,12749
12753,12755
12757,12759
12764,12766
12768,12770
12772,12774
12776,12778
12779,12781
12782,12784
12786,12788
12790,12792
12794,12796
12798,12800
12801,12803
12808,12810
12813,12815
12821,12823
12826,12828
12830,12832
12834,12836
12839,12841
12844,12846
12848,12850
12852,12854
12858,12860
12866,12868
12874,12876
12881,12883
12886,12888
12890,12892
12897,12899
12901,12903
12905,12907
12909,12911
12913,12915
12917,12919
12924,12926
12930,12932
12936,12938
12942,12944
12948,12950
12952,12954
12957,12959
12963,12965
12968,12970
12974,12976
12979,12981
12988,12990
12992,12994
12996,12998
13001,13003
13005,13007
13010,13012
13019,13021
13023,13025
13031,13033
13038,13040
13045,13047
13048,13050
13051,13053
13055,13057
13061,13063
13070,13072
13075,13077
13080,13082
13087,13089
13091,13093
13095,13097
13101,13103
13107,13109
13110,13112
13113,13115
13120,13122
13123,13125
13128,13130
13133,13135
13137,13139
13142,13144
13152,13154
13155,13157
13158,13160
13164,13166
13169,13171
13173,13175
13176,13178
13179,13181
13182,13184
13185,13187
13189,13191
13193,13195
13198,13200
13201,13203
13209,13211
13213,13215
13220,13222
13224,13226
13228,13230
13232,13234
13236,13238
13241,13243
13246,13248
13257,13259
13260,13262
13263,13265
13269,13271
13275,13277
13278,13280
13281,13283
13285,13287
13289,13291
13292,13294
13297,13299
13302,13304
13306,13308
13313,13315
13322,13324
13331,13333
13335,13337
13339,13341
13345,13347
13352,13354
13356,13358
13364,13366
13367,13369
13370,13372
13374,13376
13379,13381
13383,13385
13394,13396
13399,13401
13407,13409
13413,13415
13417,13419
13421,13423
13426,13428
13429,13431
13434,13436
13441,13443
13446,13448
13449,13451
13457,13459
13466,13468
13472,13474
13476,13478
13480,13482
13484,13486
13488,13490
13491,13493
13495,13497
13499,13501
13502,13504
13507,13509
13512,13514
13516,13518
13520,13522
13523,13525
13533,13535
13538,13540
13543,13545
13548,13550
13554,13556
13561,13563
13567,13569
13570,13572
13573,13575
13581,13583
13584,13586
13587,13589
13590,13592
13593,13595
13598,13600
13602,13604
13608,13610
13612,13614
13619,13621
13624,13626
13627,13629
13630,13632
13638,13640
13645,13647
13650,13652
13653,13655
13656,13658
13659,13661
13671,13673
13674,13676
13678,13680
13682,13684
13685,13687
13688,13690
13694,13696
13698,13700
13702,13704
13707,13709
13713,13715
13720,13722
13726,13728
13730,13732
13736,13738
13745,13747
13748,13750
13751,13753
13757,13759
13765,13767
13768,13770
13772,13774
13776,13778
13788,13790
13795,13797
13799,13801
13804,13806
13807,13809
13810,13812
13814,13816
13818,13820
13821,13823
13827,13829
13830,13832
13835,13837
13839,13841
13849,13851
13854,13856
13861,13863
13864,13866
13868,13870
13874,13876
13886,13888
13889,13891
13896,13898
13900,13902
13913,13915
13916,13918
13919,13921
13924,13926
13935,13937
13940,13942
13948,13950
13952,13954
13955,13957
13959,13961
13966,13968
13969,13971
13976,13978
13979,13981
13982,13984
13988,13990
13994,13996
14000,14002
14006,14008
14015,14017
14020,14022
14025,14027
14029,14031
14033,14035
14037,14039
14040,14042
14046,14048
14049,14051
14052,14054
14055,14057
14058,14060
14061,14063
14064,14066
14067,14069
14070,14072
14076,14078
14080,14082
14084,14086
14087,14089
14090,14092
14095,14097
14099,14101
14103,14105
14109,14111
14113,14115
14119,14121
14125,14127
14133,14135
14136,14138
14140,14142
14148,14150
14158,14160
14164,14166
14176,14178
14181,14183
14185,14187
14190,14192
14193,14195
14196,14198
14201,14203
14206,14208
14211,14213
14215,14217
14220,14222
14224,14226
14231,14233
14234,14236
14237,14239
14242,14244
14247,14249
14253,14255
14258,14260
14264,14266
14274,14276
14277,14279
14280,14282
14284,14286
14290,14292
14294,14296
14298,14300
14303,14305
14309,14311
14313,14315
14323,14325
14326,14328
14331,14333
14336,14338
14341,14343
14348,14350
14361,14363
14364,14366
14367,14369
14371,14373
14375,14377
14379,14381
14383,14385
14388,14390
14395,14397
14398,14400
14401,14403
14404,14406
14409,14411
14412,14414
14420,14422
14426,14428
14429,14431
14432,14434
14436,14438
14442,14444
14446,14448
14452,14454
14456,14458
14462,14464
14465,14467
14471,14473
14477,14479
14482,14484
14486,14488
14490,14492
14496,14498
14499,14501
14504,14506
14509,14511
14517,14519
14522,14524
14529,14531
14534,14536
14538,14540
14543,14545
14546,14548
14551,14553
14556,14558
14563,14565
14568,14570
14574,14576
14580,14582
14584,14586
14589,14591
14592,14594
14595,14597
14598,14600
14601,14603
14605,14607
14610,14612
14615,14617
14618,14620
14630,14632
14633,14635
14637,14639
14640,14642
14644,14646
14647,14649
14653,14655
14656,14658
14661,14663
14665,14667
14669,14671
14674,14676
14680,14682
14686,14688
14690,14692
14693,14695
14697,14699
14701,14703
14707,14709
14712,14714
14718,14720
14726,14728
14730,14732
14738,14740
14741,14743
14744,14746
14749,14751
14760,14762
14764,14766
14770,14772
14774,14776
14777,14779
14780,14782
14785,14787
14790,14792
14793,14795
14798,14800
14801,14803
14808,14810
14813,14815
14819,14821
14823,14825
14833,14835
14837,14839
14841,14843
14849,14851
14855,14857
14860,14862
14865,14867
14869,14871
14877,14879
14890,14892
14897,14899
14904,14906
14909,14911
14913,14915
14918,14920
14921,14923
14924,14926
14928,14930
14932,14934
14935,14937
14938,14940
14941,14943
14945,14947
14948,14950
14954,14956
14962,14964
14967,14969
14977,14979
14984,14986
14988,14990
14993,14995
14996,14998
15001,15003
15007,15009
15016,15018
15027,15029
15031,15033
15036,15038
15039,15041
15043,15045
15048,15050
15053,15055
15056,15058
15060,15062
15064,15066
15067,15069
15073,15075
15076,15078
15079,15081
15082,15084
15086,15088
15091,15093
15097,15099
15100,15102
15105,15107
15110,15112
15115,15117
15119,15121
15124,15126
15127,15129
15130,15132
15135,15137
15138,15140
15143,15145
15148,15150
15158,15160
15162,15164
15166,15168
15169,15171
15176,15178
15181,15183
15186,15188
15191,15193
15195,15197
15204,15206
15207,15209
15211,15213
15215,15217
15219,15221
15222,15224
15225,15227
15233,15235
15242,15244
15247,15249
15251,15253
15257,15259
15263,15265
15266,15268
15269,15271
15272,15274
15276,15278
15280,15282
15284,15286
15287,15289
15292,15294
15296,15298
15299,15301
15303,15305
15306,15308
15309,15311
15314,15316
15319,15321
15325,15327
15329,15331
15333,15335
15338,15340
15346,15348
15355,15357
15360,15362
15365,15367
15368,15370
15372,15374
15377,15379
15382,15384
15389,15391
15399,15401
15406,15408
15411,15413
15415,15417
15418,15420
15422,15424
15427,15429
15430,15432
15433,15435
15436,15438
15439,15441
15444,15446
15452,15454
15456,15458
15468,15470
15473,15475
15480,15482
15484,15486
15488,15490
15491,15493
15494,15496
15498,15500
15501,15503
15506,15508
15509,15511
15513,15515
15522,15524
15525,15527
15531,15533
15541,15543
15548,15550
15557,15559
15562,15564
15566,15568
15571,15573
15582,15584
15587,15589
15591,15593
15594,15596
15600,15602
15612,15614
15617,15619
15621,15623
15626,15628
15630,15632
15635,15637
15639,15641
15643,15645
15649,15651
15654,15656
15659,15661
15665,15667
15670,15672
15674,15676
15678,15680
15686,15688
15691,15693
15695,15697
15698,15700
15702,15704
15706,15708
15709,15711
15712,15714
15716,15718
15719,15721
15724,15726
15728,15730
15739,15741
15742,15744
15745,15747
15748,15750
15751,15753
15755,15757
15759,15761
15762,15764
15765,15767
15770,15772
15774,15776
15777,15779
15780,15782
15786,15788
15795,15797
15802,15804
15807,15809
15810,15812
15816,15818
15821,15823
15824,15826
15827,15829
15831,15833
15835,15837
15839,15841
15842,15844
15846,15848
15850,15852
15859,15861
15862,15864
15866,15868
15870,15872
15879,15881
15886,15888
15889,15891
15892,15894
15898,15900
15905,15907
15911,15913
15917,15919
15920,15922
15927,15929
15932,15934
15938,15940
15942,15944
15948,15950
15951,15953
15956,15958
15960,15962
15963,15965
15967,15969
15972,15974
15975,15977
15979,15981
15986,15988
15989,15991
15994,15996
15998,16000
16005,16007
16012,16014
16025,16027
16028,16030
16032,16034
16035,16037
16039,16041
16045,16047
16052,16054
16055,16057
16059,16061
16062,16064
16066,16068
16072,16074
16083,16085
16087,16089
16092,16094
16096,16098
16101,16103
16105,16107
16108,16110
16112,16114
16121,16123
16127,16129
16133,16135
16137,16139
16146,16148
16149,16151
16154,16156
16161,16163
16166,16168
16172,16174
16181,16183
16187,16189
16191,16193
16194,16196
16199,16201
16205,16207
16211,16213
16215,16217
16222,16224
16225,16227
16230,16232
16234,16236
16238,16240
16243,16245
16248,16250
16253,16255
16260,16262
16263,16265
16266,16268
16270,16272
16274,16276
16279,16281
16286,16288
16293,16295
16302,16304
16305,16307
16308,16310
16316,16318
16323,16325
16326,16328
16329,16331
16332,16334
16335,16337
16338,16340
16342,16344
16347,16349
16357,16359
16360,16362
16364,16366
16368,16370
16373,16375
16379,16381
16384,16386
16389,16391
16393,16395
16396,16398
16399,16401
16403,16405
16407,16409
16410,16412
16414,16416
16418,16420
16424,16426
16427,16429
16433,16435
16443,16445
16448,16450
16451,16453
16460,16462
16465,16467
16468,16470
16477,16479
16487,16489
16490,16492
16496,16498
16501,16503
16504,16506
16509,16511
16513,16515
16518,16520
16522,16524
16528,16530
16533,16535
16536,16538
16539,16541
16543,16545
16547,16549
16553,16555
16557,16559
16569,16571
16574,16576
16580,16582
16583,16585
16587,16589
16593,16595
16601,16603
16607,16609
16611,16613
16616,16618
16620,16622
16623,16625
16627,16629
16631,16633
16638,16640
16642,16644
16645,16647
16648,16650
16651,16653
16654,16656
16657,16659
16661,16663
16664,16666
16669,16671
16672,16674
16675,16677
16678,16680
16684,16686
16689,16691
16695,16697
16700,16702
16712,16714
16717,16719
16720,16722
16725,16727
16730,16732
16733,16735
16738,16740
16741,16743
16746,16748
16750,16752
16755,16757
16766,16768
16770,16772
16774,16776
16780,16782
16784,16786
16791,16793
16796,16798
16799,16801
16802,16804
16805,16807
16808,16810
16815,16817
16821,16823
16826,16828
16830,16832
16833,16835
16836,16838
16839,16841
16843,16845
16846,16848
16851,16853
16857,16859
16861,16863
16866,16868
16872,16874
16875,16877
16878,16880
16884,16886
16891,16893
16900,16902
16908,16910
16915,16917
16919,16921
16924,16926
16927,16929
16932,16934
16936,16938
16940,16942
16944,16946
16949,16951
16952,16954
16962,16964
16965,16967
16968,16970
16974,16976
16985,16987
16992,16994
16995,16997
16999,17001
17003,17005
17007,17009
17014,17016
17017,17019
17020,17022
17023,17025
17026,17028
17031,17033
17034,17036
17038,17040
17044,17046
17049,17051
17054,17056
17059,17061
17063,17065
17066,17068
17070,17072
17073,17075
17076,17078
17080,17082
17089,17091
17093,17095
17096,17098
17102,17104
17109,17111
17113,17115
17116,17118
17119,17121
17123,17125
17127,17129
17130,17132
17135,17137
17141,17143
17147,17149
17152,17154
17159,17161
17168,17170
17173,17175
17176,17178
17183,17185
17190,17192
17197,17199
17203,17205
17208,17210
17213,17215
17216,17218
17223,17225
17227,17229
17231,17233
17236,17238
17244,17246
17247,17249
17251,17253
17259,17261
17267,17269
17270,17272
17273,17275
17278,17280
17284,17286
17290,17292
17294,17296
17299,17301
17303,17305
17308,17310
17311,17313
17316,17318
17321,17323
17324,17326
17330,17332
17339,17341
17343,17345
17347,17349
17350,17352
17355,17357
17360,17362
17369,17371
17374,17376
17380,17382
17386,17388
17392,17394
17398,17400
17402,17404
17405,17407
17409,17411
17415,17417
17421,17423
17426,17428
17431,17433
17434,17436
17437,17439
17443,17445
17449,17451
17457,17459
17465,17467
17469,17471
17472,17474
17476,17478
17480,17482
17483,17485
17492,17494
17496,17498
17500,17502
17508,17510
17517,17519
17521,17523
17526,17528
17530,17532
17538,17540
17543,17545
17549,17551
17554,17556
17558,17560
17561,17563
17566,17568
17569,17571
17572,17574
17580,17582
17585,17587
17589,17591
17595,17597
17601,17603
17608,17610
17613,17615
17617,17619
17620,17622
17625,17627
17630,17632
17635,17637
17639,17641
17645,17647
17651,17653
17658,17660
17665,17667
17672,17674
17679,17681
17684,17686
17689,17691
17692,17694
17700,17702
17703,17705
17707,17709
17710,17712
17717,17719
17720,17722
17726,17728
17735,17737
17743,17745
17750,17752
17757,17759
17761,17763
17767,17769
17778,17780
17781,17783
17785,17787
17793,17795
17800,17802
17804,17806
17808,17810
17812,17814
17818,17820
17826,17828
17829,17831
17832,17834
17837,17839
17842,17844
17849,17851
17852,17854
17858,17860
17861,17863
17865,17867
17868,17870
17875,17877
17878,17880
17884,17886
17890,17892
17895,17897
17900,17902
17906,17908
17910,17912
17914,17916
17918,17920
17924,17926
17935,17937
17940,17942
17943,17945
17947,17949
17952,17954
17955,17957
17959,17961
17964,17966
17968,17970
17976,17978
17979,17981
17986,17988
17989,17991
17992,17994
17998,18000
18004,18006
18008,18010
18015,18017
18021,18023
18029,18031
18034,18036
18043,18045
18046,18048
18049,18051
18053,18055
18065,18067
18074,18076
18084,18086
18087,18089
18090,18092
18095,18097
18101,18103
18104,18106
18109,18111
18119,18121
18124,18126
18131,18133
18134,18136
18137,18139
18141,18143
18146,18148
18152,18154
18157,18159
18163,18165
18170,18172
18175,18177
18180,18182
18185,18187
18190,18192
18195,18197
18208,18210
18212,18214
18216,18218
18219,18221
18223,18225
18228,18230
18231,18233
18240,18242
18248,18250
18254,18256
18260,18262
18263,18265
18268,18270
18272,18274
18275,18277
18278,18280
18281,18283
18285,18287
18291,18293
18301,18303
18306,18308
18316,18318
18319,18321
18322,18324
18326,18328
18331,18333
18336,18338
18339,18341
18343,18345
18346,18348
18353,18355
18357,18359
18361,18363
18369,18371
18376,18378
18381,18383
18384,18386
18389,18391
18394,18396
18398,18400
18404,18406
18407,18409
18416,18418
18420,18422
18427,18429
18432,18434
18439,18441
18444,18446
18449,18451
18453,18455
18457,18459
18461,18463
18474,18476
18477,18479
18481,18483
18490,18492
18493,18495
18497,18499
18501,18503
18504,18506
18508,18510
18514,18516
18518,18520
18524,18526
18527,18529
18531,18533
18535,18537
18539,18541
18545,18547
18553,18555
18559,18561
18565,18567
18571,18573
18577,18579
18586,18588
18591,18593
18597,18599
18602,18604
18607,18609
18612,18614
18617,18619
18622,18624
18626,18628
18632,18634
18635,18637
18638,18640
18642,18644
18646,18648
18650,18652
18657,18659
18663,18665
18669,18671
18673,18675
18678,18680
18684,18686
18687,18689
18692,18694
18699,18701
18703,18705
18708,18710
18711,18713
18716,18718
18723,18725
18731,18733
18734,18736
18737,18739
18741,18743
18746,18748
18753,18755
18757,18759
18762,18764
18770,18772
18776,18778
18779,18781
18783,18785
18791,18793
18795,18797
18801,18803
18807,18809
18812,18814
18817,18819
18820,18822
18826,18828
18835,18837
18841,18843
18847,18849
18851,18853
18854,18856
18863,18865
18868,18870
18871,18873
18874,18876
18878,18880
18883,18885
18897,18899
18902,18904
18905,18907
18910,18912
18921,18923
18924,18926
18935,18937
18940,18942
18945,18947
18949,18951
18957,18959
18961,18963
18965,18967
18970,18972
18976,18978
18984,18986
18992,18994
18996,18998
19003,19005
19008,19010
19013,19015
19022,19024
19026,19028
19034,19036
19038,19040
19044,19046
19047,19049
19050,19052
19054,19056
19058,19060
19064,19066
19070,19072
19074,19076
19080,19082
19083,19085
19090,19092
19095,19097
19101,19103
19104,19106
19107,19109
19111,19113
19115,19117
19119,19121
19123,19125
19127,19129
19133,19135
19138,19140
19146,19148
19149,19151
19154,19156
19158,19160
19161,19163
19164,19166
19167,19169
19173,19175
19179,19181
19186,19188
19190,19192
19196,19198
19199,19201
19202,19204
19207,19209
19214,19216
19227,19229
19230,19232
19235,19237
19238,19240
19241,19243
19249,19251
19254,19256
19259,19261
19265,19267
19273,19275
19279,19281
19284,19286
19288,19290
19293,19295
19296,19298
19302,19304
19308,19310
19313,19315
19316,19318
19323,19325
19333,19335
19338,19340
19342,19344
19347,19349
19350,19352
19354,19356
19358,19360
19365,19367
19372,19374
19375,19377
19378,19380
19383,19385
19388,19390
19392,19394
19396,19398
19400,19402
19408,19410
19411,19413
19415,19417
19418,19420
19423,19425
19428,19430
19433,19435
19440,19442
19449,19451
19458,19460
19462,19464
19466,19468
19471,19473
19474,19476
19480,19482
19486,19488
19490,19492
19494,19496
19501,19503
19504,19506
19507,19509
19514,19516
19517,19519
19522,19524
19529,19531
19533,19535
19537,19539
19541,19543
19551,19553
19556,19558
19562,19564
19567,19569
19576,19578
19582,19584
19588,19590
19595,19597
19598,19600
19606,19608
19612,19614
19618,19620
19625,19627
19629,19631
19635,19637
19643,19645
19647,19649
19651,19653
19657,19659
19665,19667
19668,19670
19671,19673
19675,19677
19680,19682
19684,19686
19690,19692
19694,19696
19699,19701
19703,19705
19707,19709
19712,19714
19723,19725
19730,19732
19744,19746
19750,19752
19753,19755
19759,19761
19765,19767
19768,19770
19780,19782
19783,19785
19789,19791
19793,19795
19797,19799
19800,19802
19803,19805
19808,19810
19813,19815
19818,19820
19824,19826
19829,19831
19834,19836
19838,19840
19842,19844
19847,19849
19851,19853
19857,19859
19863,19865
19869,19871
19874,19876
19881,19883
19884,19886
19897,19899
19902,19904
19907,19909
19912,19914
19915,19917
19919,19921
19924,19926
19929,19931
19932,19934
19938,19940
19941,19943
19945,19947
19949,19951
19955,19957
19960,19962
19963,19965
19967,19969
19972,19974
19979,19981
19983,19985
19987,19989
19996,19998
20000,20002
20009,20011
20012,20014
20015,20017
20019,20021
20022,20024
20027,20029
20033,20035
20038,20040
20046,20048
20052,20054
20055,20057
20067,20069
20071,20073
20075,20077
20080,20082
20085,20087
20089,20091
20093,20095
20096,20098
20099,20101
20106,20108
20109,20111
20113,20115
20120,20122
20123,20125
20134,20136
20137,20139
20140,20142
20146,20148
20150,20152
20155,20157
20158,20160
20161,20163
20164,20166
20167,20169
20174,20176
20186,20188
20190,20192
20193,20195
20196,20198
20199,20201
20205,20207
20211,20213
20214,20216
20217,20219
20221,20223
20225,20227
20228,20230
20231,20233
20236,20238
20239,20241
20245,20247
20250,20252
20256,20258
20260,20262
20265,20267
20268,20270
20272,20274
20277,20279
20281,20283
20285,20287
20292,20294
20297,20299
20303,20305
20306,20308
20309,20311
20314,20316
20318,20320
20321,20323
20324,20326
20329,20331
20335,20337
20342,20344
20350,20352
20355,20357
20359,20361
20363,20365
20366,20368
20369,20371
20373,20375
20379,20381
20392,20394
20395,20397
20398,20400
20401,20403
20408,20410
20412,20414
20416,20418
20422,20424
20427,20429
20433,20435
20439,20441
20442,20444
20445,20447
20452,20454
20458,20460
20462,20464
20468,20470
20481,20483
20487,20489
20494,20496
20497,20499
20500,20502
20505,20507
20511,20513
20516,20518
20522,20524
20530,20532
20536,20538
20541,20543
20546,20548
20553,20555
20558,20560
20562,20564
20566,20568
20570,20572
20574,20576
20577,20579
20581,20583
20586,20588
20590,20592
20593,20595
20598,20600
20603,20605
20607,20609
20611,20613
20616,20618
20620,20622
20625,20627
20629,20631
20634,20636
20641,20643
20650,20652
20653,20655
20656,20658
20661,20663
20667,20669
20671,20673
20677,20679
20683,20685
20687,20689
20694,20696
20698,20700
20705,20707
20712,20714
20720,20722
20724,20726
20730,20732
20737,20739
20742,20744
20747,20749
20750,20752
20754,20756
20759,20761
20763,20765
20766,20768
20772,20774
20775,20777
20784,20786
20788,20790
20791,20793
20795,20797
20800,20802
20803,20805
20806,20808
20809,20811
20816,20818
20822,20824
20828,20830
20831,20833
20834,20836
20837,20839
20840,20842
20843,20845
20846,20848
20849,20851
20852,20854
20855,20857
20858,20860
20864,20866
20875,20877
20880,20882
20883,20885
20886,20888
20889,20891
20894,20896
20900,20902
20908,20910
20916,20918
20922,20924
20925,20927
20931,20933
20936,20938
20940,20942
20943,20945
20950,20952
20956,20958
20961,20963
20965,20967
20969,20971
20975,20977
20979,20981
20982,20984
20988,20990
20991,20993
20997,20999
21002,21004
21005,21007
21008,21010
21015,21017
21031,21033
21036,21038
21042,21044
21045,21047
21050,21052
21053,21055
21057,21059
21061,21063
21064,21066
21067,21069
21072,21074
21077,21079
21082,21084
21089,21091
21093,21095
21098,21100
21105,21107
21110,21112
21117,21119
21124,21126
21129,21131
21132,21134
21138,21140
21143,21145
21150,21152
21158,21160
21161,21163
21169,21171
21173,21175
21176,21178
21184,21186
21187,21189
21192,21194
21195,21197
21200,21202
21208,21210
21213,21215
21220,21222
21226,21228
21230,21232
21240,21242
21243,21245
21248,21250
21251,21253
21255,21257
21259,21261
21262,21264
21265,21267
21269,21271
21273,21275
21277,21279
21281,21283
21286,21288
21293,21295
21296,21298
21303,21305
21310,21312
21314,21316
21323,21325
21327,21329
21332,21334
21338,21340
21343,21345
21350,21352
21355,21357
21360,21362
21364,21366
21368,21370
21371,21373
21374,21376
21378,21380
21383,21385
21386,21388
21389,21391
21394,21396
21399,21401
21404,21406
21408,21410
21412,21414
21416,21418
21419,21421
21426,21428
21432,21434
21438,21440
21449,21451
21452,21454
21456,21458
21461,21463
21465,21467
21472,21474
21476,21478
21480,21482
21483,21485
21488,21490
21493,21495
21500,21502
21504,21506
21508,21510
21511,21513
21517,21519
21525,21527
21530,21532
21534,21536
21538,21540
21542,21544
21547,21549
21554,21556
21557,21559
21560,21562
21564,21566
21567,21569
21572,21574
21576,21578
21580,21582
21583,21585
21586,21588
21589,21591
21592,21594
21597,21599
21601,21603
21606,21608
21610,21612
21613,21615
21617,21619
21622,21624
21631,21633
21634,21636
21637,21639
21642,21644
21647,21649
21650,21652
21653,21655
21657,21659
21661,21663
21664,21666
21670,21672
21675,21677
21678,21680
21681,21683
21688,21690
21695,21697
21699,21701
21703,21705
21708,21710
21713,21715
21719,21721
21726,21728
21733,21735
21741,21743
21745,21747
21748,21750
21753,21755
21759,21761
21766,21768
21769,21771
21774,21776
21779,21781
21785,21787
21791,21793
21795,21797
21798,21800
21802,21804
21807,21809
21810,21812
21813,21815
21817,21819
21821,21823
21825,21827
21828,21830
21832,21834
21835,21837
21841,21843
21845,21847
21854,21856
21859,21861
21863,21865
21867,21869
21870,21872
21874,21876
21877,21879
21880,21882
21887,21889
21891,21893
21896,21898
21904,21906
21911,21913
21919,21921
21922,21924
21925,21927
21930,21932
21936,21938
21942,21944
21945,21947
21948,21950
21951,21953
21954,21956
21960,21962
21968,21970
21971,21973
21976,21978
21981,21983
21984,21986
21991,21993
21998,22000
22002,22004
22006,22008
22010,22012
22015,22017
22018,22020
22023,22025
22031,22033
22036,22038
22041,22043
22046,22048
22049,22051
22055,22057
22061,22063
22067,22069
22075,22077
22080,22082
22085,22087
22088,22090
22095,22097
22098,22100
22104,22106
22107,22109
22110,22112
22114,22116
22118,22120
22124,22126
22133,22135
22137,22139
22142,22144
22150,22152
22157,22159
22160,22162
22165,22167
22168,22170
22171,22173
22174,22176
22177,22179
22180,22182
22186,22188
22196,22198
22201,22203
22205,22207
22209,22211
22212,22214
22215,22217
22218,22220
22224,22226
22233,22235
22239,22241
22244,22246
22252,22254
22255,22257
22260,22262
22264,22266
22267,22269
22270,22272
22273,22275
22278,22280
22282,22284
22285,22287
22288,22290
22295,22297
22300,22302
22304,22306
22310,22312
22314,22316
22317,22319
22324,22326
22329,22331
22334,22336
22337,22339
22341,22343
22344,22346
22349,22351
22357,22359
22361,22363
22366,22368
22371,22373
22374,22376
22377,22379
22380,22382
22385,22387
22388,22390
22391,22393
22394,22396
22397,22399
22400,22402
22405,22407
22408,22410
22414,22416
22419,22421
22422,22424
22426,22428
22431,22433
22442,22444
22446,22448
22451,22453
22455,22457
22462,22464
22465,22467
22469,22471
22474,22476
22480,22482
22487,22489
22497,22499
22505,22507
22509,22511
22514,22516
22520,22522
22525,22527
22529,22531
22532,22534
22535,22537
22538,22540
22547,22549
22550,22552
22554,22556
22561,22563
22567,22569
22570,22572
22574,22576
22579,22581
22583,22585
22592,22594
22601,22603
22606,22608
22611,22613
22614,22616
22622,22624
22630,22632
22636,22638
22642,22644
22645,22647
22650,22652
22655,22657
22659,22661
22664,22666
22667,22669
22672,22674
22675,22677
22687,22689
22692,22694
22699,22701
22702,22704
22705,22707
22711,22713
22716,22718
22720,22722
22729,22731
22732,22734
22735,22737
22740,22742
22747,22749
22751,22753
22756,22758
22760,22762
22767,22769
22772,22774
22776,22778
22782,22784
22787,22789
22793,22795
22796,22798
22806,22808
22812,22814
22816,22818
22819,22821
22823,22825
22828,22830
22833,22835
22838,22840
22842,22844
22847,22849
22852,22854
22857,22859
22861,22863
22869,22871
22879,22881
22882,22884
22885,22887
22891,22893
22896,22898
22902,22904
22906,22908
22911,22913
22915,22917
22921,22923
22926,22928
22931,22933
22934,22936
22937,22939
22944,22946
22948,22950
22953,22955
22957,22959
22960,22962
22965,22967
22972,22974
22975,22977
22978,22980
22981,22983
22985,22987
22990,22992
22993,22995
22999,23001
23004,23006
23007,23009
23010,23012
23015,23017
23018,23020
23024,23026
23030,23032
23038,23040
23043,23045
23048,23050
23051,23053
23054,23056
23057,23059
23062,23064
23067,23069
23073,23075
23079,23081
23087,23089
23092,23094
23098,23100
23105,23107
23111,23113
23117,23119
23120,23122
23123,23125
23128,23130
23132,23134
23137,23139
23141,23143
23147,23149
23150,23152
23154,23156
23158,23160
23165,23167
23169,23171
23172,23174
23175,23177
23178,23180
23190,23192
23193,23195
23196,23198
23201,23203
23206,23208
23211,23213
23215,23217
23219,23221
23223,23225
23232,23234
23235,23237
23240,23242
23245,23247
23250,23252
23258,23260
23262,23264
23271,23273
23278,23280
23281,23283
23288,23290
23293,23295
23299,23301
23307,23309
23311,23313
23316,23318
23321,23323
23324,23326
23329,23331
23335,23337
23340,23342
23351,23353
23358,23360
23367,23369
23375,23377
23379,23381
23386,23388
23389,23391
23394,23396
23400,23402
23404,23406
23407,23409
23412,23414
23417,23419
23422,23424
23429,23431
23432,23434
23436,23438
23440,23442
23445,23447
23453,23455
23456,23458
23459,23461
23464,23466
23467,23469
23470,23472
23479,23481
23487,23489
23490,23492
23494,23496
23502,23504
23513,23515
23517,23519
23522,23524
23526,23528
23534,23536
23538,23540
23545,23547
23552,23554
23557,23559
23562,23564
23567,23569
23573,23575
23581,23583
23584,23586
23587,23589
23594,23596
23598,23600
23604,23606
23607,23609
23611,23613
23618,23620
23623,23625
23626,23628
23632,23634
23636,23638
23640,23642
23645,23647
23652,23654
23656,23658
23665,23667
23670,23672
23674,23676
23679,23681
23684,23686
23687,23689
23690,23692
23693,23695
23698,23700
23702,23704
23705,23707
23710,23712
23714,23716
23717,23719
23728,23730
23732,23734
23736,23738
23741,23743
23751,23753
23754,23756
23759,23761
23765,23767
23769,23771
23772,23774
23777,23779
23780,23782
23784,23786
23796,23798
23800,23802
23805,23807
23809,23811
23813,23815
23821,23823
23825,23827
23832,23834
23837,23839
23840,23842
23844,23846
23849,23851
23858,23860
23864,23866
23867,23869
23877,23879
23881,23883
23888,23890
23891,23893
23895,23897
23899,23901
23902,23904
23905,23907
23910,23912
23917,23919
23920,23922
23926,23928
23932,23934
23935,23937
23939,23941
23942,23944
23946,23948
23951,23953
23956,23958
23963,23965
23968,23970
23971,23973
23974,23976
23979,23981
23983,23985
23988,23990
23993,23995
23999,24001
24003,24005
24011,24013
24014,24016
24017,24019
24021,24023
24028,24030
24038,24040
24042,24044
24046,24048
24050,24052
24057,24059
24061,24063
24065,24067
24071,24073
24076,24078
24081,24083
24087,24089
24090,24092
24096,24098
24102,24104
24106,24108
24110,24112
24116,24118
24128,24130
24131,24133
24134,24136
24137,24139
24142,24144
24145,24147
24154,24156
24159,24161
24164,24166
24167,24169
24172,24174
24175,24177
24180,24182
24185,24187
24188,24190
24191,24193
24196,24198
24201,24203
24206,24208
24211,24213
24214,24216
24217,24219
24221,24223
24224,24226
24227,24229
24232,24234
24237,24239
24244,24246
24248,24250
24251,24253
24254,24256
24257,24259
24261,24263
24269,24271
24279,24281
24282,24284
24286,24288
24290,24292
24294,24296
24301,24303
24306,24308
24312,24314
24316,24318
24332,24334
24335,24337
24338,24340
24341,24343
24345,24347
24349,24351
24355,24357
24364,24366
24367,24369
24370,24372
24376,24378
24381,24383
24384,24386
24387,24389
24394,24396
24407,24409
24412,24414
24416,24418
24420,24422
24423,24425
24426,24428
24429,24431
24434,24436
24442,24444
24446,24448
24454,24456
24460,24462
24466,24468
24474,24476
24479,24481
24484,24486
24488,24490
24491,24493
24496,24498
24501,24503
24509,24511
24512,24514
24516,24518
24519,24521
24523,24525
24527,24529
24532,24534
24537,24539
24544,24546
24555,24557
24558,24560
24565,24567
24571,24573
24576,24578
24584,24586
24590,24592
24595,24597
24598,24600
24602,24604
24606,24608
24610,24612
24614,24616
24621,24623
24627,24629
24634,24636
24640,24642
24645,24647
24652,24654
24658,24660
24661,24663
24665,24667
24669,24671
24673,24675
24677,24679
24680,24682
24683,24685
24686,24688
24689,24691
24695,24697
24703,24705
24708,24710
24712,24714
24721,24723
24726,24728
24731,24733
24737,24739
24744,24746
24748,24750
24751,24753
24756,24758
24759,24761
24764,24766
24771,24773
24774,24776
24777,24779
24781,24783
24786,24788
24792,24794
24796,24798
24799,24801
24805,24807
24813,24815
24817,24819
24821,24823
24828,24830
24834,24836
24849,24851
24855,24857
24867,24869
24871,24873
24875,24877
24880,24882
24888,24890
24895,24897
24899,24901
24903,24905
24906,24908
24910,24912
24915,24917
24923,24925
24929,24931
24936,24938
24939,24941
24945,24947
24948,24950
24958,24960
24964,24966
24967,24969
24971,24973
24975,24977
24979,24981
24990,24992
24994,24996
24998,25000
25001,25003
25005,25007
25009,25011
25012,25014
25016,25018
25019,25021
25023,25025
25029,25031
25032,25034
25035,25037
25040,25042
25043,25045
25046,25048
25050,25052
25056,25058
25061,25063
25066,25068
25070,25072
25074,25076
25078,25080
25083,25085
25091,25093
25100,25102
25105,25107
25119,25121
25125,25127
25133,25135
25138,25140
25143,25145
25147,25149
25152,25154
25158,25160
25165,25167
25169,25171
25172,25174
25176,25178
25181,25183
25185,25187
25191,25193
25196,25198
25201,25203
25204,25206
25207,25209
25210,25212
25214,25216
25218,25220
25225,25227
25232,25234
25239,25241
25247,25249
25250,25252
25255,25257
25262,25264
25265,25267
25268,25270
25272,25274
25277,25279
25283,25285
25286,25288
25290,25292
25293,25295
25300,25302
25303,25305
25310,25312
25315,25317
25321,25323
25326,25328
25329,25331
25332,25334
25336,25338
25339,25341
25344,25346
25349,25351
25357,25359
25372,25374
25376,25378
25379,25381
25385,25387
25388,25390
25397,25399
25401,25403
25409,25411
25413,25415
25421,25423
25430,25432
25434,25436
25439,25441
25445,25447
25450,25452
25453,25455
25460,25462
25463,25465
25466,25468
25471,25473
25476,25478
25479,25481
25482,25484
25490,25492
25502,25504
25506,25508
25510,25512
25514,25516
25520,25522
25527,25529
25537,25539
25541,25543
25545,25547
25548,25550
25552,25554
25556,25558
25563,25565
25569,25571
25572,25574
25575,25577
25580,25582
25584,25586
25588,25590
25595,25597
25601,25603
25612,25614
25615,25617
25619,25621
25623,25625
25628,25630
25635,25637
25642,25644
25645,25647
25650,25652
25653,25655
25657,25659
25660,25662
25663,25665
25666,25668
25669,25671
25675,25677
25678,25680
25681,25683
25684,25686
25689,25691
25695,25697
25701,25703
25705,25707
25710,25712
25714,25716
25717,25719
25720,25722
25725,25727
25729,25731
25735,25737
25738,25740
25741,25743
25744,25746
25747,25749
25753,25755
25759,25761
25762,25764
25765,25767
25768,25770
25771,25773
25775,25777
25779,25781
25784,25786
25787,25789
25791,25793
25795,25797
25800,25802
25805,25807
25808,25810
25811,25813
25818,25820
25822,25824
25827,25829
25833,25835
25837,25839
25841,25843
25845,25847
25849,25851
25853,25855
25856,25858
25861,25863
25865,25867
25870,25872
25873,25875
25878,25880
25881,25883
25885,25887
25890,25892
25895,25897
25900,25902
25907,25909
25911,25913
25920,25922
25923,25925
25926,25928
25931,25933
25935,25937
25939,25941
25942,25944
25945,25947
25950,25952
25954,25956
25959,25961
25968,25970
25972,25974
25982,25984
25986,25988
25991,25993
25996,25998
26001,26003
26004,26006
26015,26017
26019,26021
26024,26026
26031,26033
26034,26036
26038,26040
26041,26043
26044,26046
26047,26049
26052,26054
26055,26057
26058,26060
26061,26063
26065,26067
26070,26072
26073,26075
26080,26082
26084,26086
26088,26090
26092,26094
26096,26098
26102,26104
26105,26107
26108,26110
26111,26113
26117,26119
26120,26122
26123,26125
26126,26128
26129,26131
26134,26136
26139,26141
26145,26147
26150,26152
26154,26156
26160,26162
26164,26166
26168,26170
26173,26175
26177,26179
26180,26182
26183,26185
26190,26192
26198,26200
26201,26203
26206,26208
26209,26211
26219,26221
26231,26233
26234,26236
26239,26241
26246,26248
26250,26252
26253,26255
26258,26260
26263,26265
26268,26270
26274,26276
26277,26279
26280,26282
26283,26285
26287,26289
26291,26293
26294,26296
26297,26299
26300,26302
26303,26305
26306,26308
26310,26312
26316,26318
26319,26321
26324,26326
26330,26332
26336,26338
26342,26344
26347,26349
26352,26354
26356,26358
26359,26361
26364,26366
26369,26371
26373,26375
26380,26382
26386,26388
26391,26393
26403,26405
26407,26409
26411,26413
26414,26416
26417,26419
26421,26423
26425,26427
26429,26431
26438,26440
26442,26444
26446,26448
26450,26452
26457,26459
26464,26466
26468,26470
26472,26474
26475,26477
26481,26483
26485,26487
26488,26490
26493,26495
26498,26500
26504,26506
26509,26511
26514,26516
26522,26524
26530,26532
26535,26537
26543,26545
26546,26548
26551,26553
26556,26558
26561,26563
26567,26569
26573,26575
26577,26579
26580,26582
26585,26587
26591,26593
26595,26597
26599,26601
26603,26605
26609,26611
26612,26614
26616,26618
26619,26621
26624,26626
26634,26636
26638,26640
26641,26643
26644,26646
26647,26649
26651,26653
26655,26657
26659,26661
26663,26665
26670,26672
26674,26676
26680,26682
26684,26686
26688,26690
26691,26693
26696,26698
26699,26701
26704,26706
26709,26711
26717,26719
26721,26723
26730,26732
26736,26738
26741,26743
26746,26748
26749,26751
26753,26755
26757,26759
26761,26763
26765,26767
26768,26770
26782,26784
26789,26791
26796,26798
26802,26804
26807,26809
26812,26814
26815,26817
26819,26821
26830,26832
26835,26837
26838,26840
26843,26845
26847,26849
26852,26854
26857,26859
26862,26864
26866,26868
26872,26874
26876,26878
26880,26882
26885,26887
26889,26891
26896,26898
26899,26901
26904,26906
26907,26909
26913,26915
26921,26923
26924,26926
26928,26930
26932,26934
26936,26938
26943,26945
26946,26948
26949,26951
26953,26955
26957,26959
26960,26962
26965,26967
26968,26970
26973,26975
26976,26978
26979,26981
26990,26992
26995,26997
26998,27000
27002,27004
27008,27010
27014,27016
27018,27020
27024,27026
27028,27030
27036,27038
27039,27041
27042,27044
27046,27048
27050,27052
27054,27056
27062,27064
27067,27069
27073,27075
27078,27080
27084,27086
27090,27092
27096,27098
27100,27102
27104,27106
27107,27109
27112,27114
27115,27117
27118,27120
27123,27125
27127,27129
27130,27132
27138,27140
27145,27147
27152,27154
27157,27159
27162,27164
27166,27168
27171,27173
27176,27178
27185,27187
27190,27192
27194,27196
27198,27200
27203,27205
27207,27209
27210,27212
27214,27216
27217,27219
27220,27222
27225,27227
27228,27230
27231,27233
27237,27239
27241,27243
27245,27247
27248,27250
27251,27253
27254,27256
27257,27259
27262,27264
27272,27274
27279,27281
27283,27285
27287,27289
27294,27296
27303,27305
27308,27310
27311,27313
27315,27317
27318,27320
27326,27328
27339,27341
27344,27346
27347,27349
27350,27352
27353,27355
27358,27360
27361,27363
27365,27367
27368,27370
27372,27374
27375,27377
27380,27382
27383,27385
27387,27389
27391,27393
27396,27398
27401,27403
27408,27410
27412,27414
27420,27422
27428,27430
27431,27433
27434,27436
27437,27439
27441,27443
27445,27447
27452,27454
27455,27457
27459,27461
27464,27466
27475,27477
27480,27482
27485,27487
27488,27490
27494,27496
27499,27501
27504,27506
27507,27509
27511,27513
27514,27516
27517,27519
27521,27523
27526,27528
27529,27531
27533,27535
27541,27543
27549,27551
27557,27559
27560,27562
27563,27565
27566,27568
27569,27571
27572,27574
27575,27577
27579,27581
27583,27585
27586,27588
27594,27596
27597,27599
27600,27602
27603,27605
27606,27608
27609,27611
27616,27618
27620,27622
27623,27625
27627,27629
27630,27632
27633,27635
27640,27642
27644,27646
27647,27649
27650,27652
27653,27655
27661,27663
27668,27670
27672,27674
27678,27680
27683,27685
27689,27691
27694,27696
27702,27704
27706,27708
27709,27711
27713,27715
27720,27722
27724,27726
27730,27732
27733,27735
27738,27740
27744,27746
27751,27753
27760,27762
27766,27768
27772,27774
27777,27779
27782,27784
27787,27789
27793,27795
27798,27800
27803,27805
27809,27811
27815,27817
27818,27820
27821,27823
27825,27827
27829,27831
27832,27834
27836,27838
27841,27843
27844,27846
27850,27852
27854,27856
27862,27864
