phrase_line_num,paraphase_line_num
1,5
5,1
6,13
13,6
17,20
20,17
22,26
26,22
30,34
34,30
38,41
41,38
45,48
48,45
51,58
58,51
66,68
68,66
72,76
76,72
80,82
82,80
87,90
90,87
94,96
96,94
98,103
103,98
109,112
112,109
114,117
117,114
120,124
124,120
127,131
131,127
139,144
144,139
147,149
149,147
150,155
155,150
161,168
168,161
174,176
176,174
181,185
185,181
189,191
191,189
194,198
198,194
201,202
202,201
203,207
207,203
211,214
214,211
216,220
220,216
225,231
231,225
237,240
240,237
243,245
245,243
248,250
250,248
252,255
255,252
258,264
264,258
268,272
272,268
277,280
280,277
283,285
285,283
287,293
293,287
297,299
299,297
301,308
308,301
315,318
318,315
321,327
327,321
333,336
336,333
339,346
346,339
353,355
355,353
357,362
362,357
367,370
370,367
372,376
376,372
379,383
383,379
387,389
389,387
391,394
394,391
397,400
400,397
404,407
407,404
410,412
412,410
415,420
420,415
424,426
426,424
427,430
430,427
433,439
439,433
444,447
447,444
449,452
452,449
455,456
456,455
458,459
459,458
461,464
464,461
468,474
474,468
479,481
481,479
483,488
488,483
491,492
492,491
495,497
497,495
499,505
505,499
512,514
514,512
516,519
519,516
521,525
525,521
530,532
532,530
534,537
537,534
541,545
545,541
549,552
552,549
556,559
559,556
562,564
564,562
566,567
567,566
569,572
572,569
576,578
578,576
580,583
583,580
586,589
589,586
592,596
596,592
601,607
607,601
613,616
616,613
619,621
621,619
623,625
625,623
626,629
629,626
630,631
631,630
632,635
635,632
639,642
642,639
644,646
646,644
648,652
652,648
657,660
660,657
661,662
662,661
663,665
665,663
666,672
672,666
679,684
684,679
689,695
695,689
702,707
707,702
712,717
717,712
721,726
726,721
730,732
732,730
734,736
736,734
738,744
744,738
750,753
753,750
756,757
757,756
759,764
764,759
769,771
771,769
775,777
777,775
779,782
782,779
785,789
789,785
793,799
799,793
806,810
810,806
815,818
818,815
821,822
822,821
823,832
832,823
839,841
841,839
843,847
847,843
850,857
857,850
863,864
864,863
866,873
873,866
878,880
880,878
883,887
887,883
889,892
892,889
896,905
905,896
915,920
920,915
925,929
929,925
933,936
936,933
940,946
946,940
952,955
955,952
957,960
960,957
964,968
968,964
971,974
974,971
977,980
980,977
982,985
985,982
987,993
993,987
999,1000
1000,999
1001,1004
1004,1001
1009,1011
1011,1009
1013,1016
1016,1013
1019,1021
1021,1019
1023,1025
1025,1023
1027,1029
1029,1027
1032,1033
1033,1032
1035,1042
1042,1035
1050,1053
1053,1050
1055,1065
1065,1055
1072,1075
1075,1072
1077,1084
1084,1077
1091,1093
1093,1091
1095,1098
1098,1095
1102,1106
1106,1102
1109,1111
1111,1109
1113,1114
1114,1113
1116,1123
1123,1116
1131,1133
1133,1131
1134,1137
1137,1134
1141,1148
1148,1141
1155,1161
1161,1155
1168,1170
1170,1168
1172,1176
1176,1172
1180,1187
1187,1180
1193,1196
1196,1193
1199,1201
1201,1199
1203,1209
1209,1203
1216,1219
1219,1216
1222,1225
1225,1222
1228,1234
1234,1228
1241,1245
1245,1241
1248,1251
1251,1248
1255,1257
1257,1255
1258,1260
1260,1258
1264,1268
1268,1264
1271,1275
1275,1271
1279,1284
1284,1279
1289,1292
1292,1289
1296,1301
1301,1296
1306,1309
1309,1306
1312,1316
1316,1312
1320,1326
1326,1320
1332,1335
1335,1332
1338,1343
1343,1338
1348,1351
1351,1348
1356,1361
1361,1356
1365,1370
1370,1365
1374,1377
1377,1374
1381,1383
1383,1381
1384,1387
1387,1384
1390,1392
1392,1390
1396,1397
1397,1396
1399,1401
1401,1399
1402,1406
1406,1402
1409,1413
1413,1409
1417,1420
1420,1417
1422,1427
1427,1422
1432,1435
1435,1432
1437,1442
1442,1437
1446,1450
1450,1446
1453,1457
1457,1453
1461,1463
1463,1461
1465,1469
1469,1465
1475,1479
1479,1475
1482,1485
1485,1482
1488,1492
1492,1488
1497,1503
1503,1497
1509,1512
1512,1509
1515,1520
1520,1515
1526,1531
1531,1526
1537,1541
1541,1537
1544,1547
1547,1544
1551,1557
1557,1551
1561,1563
1563,1561
1565,1567
1567,1565
1569,1570
1570,1569
1571,1575
1575,1571
1580,1584
1584,1580
1587,1588
1588,1587
1590,1594
1594,1590
1597,1600
1600,1597
1604,1608
1608,1604
1611,1615
1615,1611
1619,1624
1624,1619
1629,1633
1633,1629
1637,1641
1641,1637
1644,1648
1648,1644
1653,1657
1657,1653
1661,1663
1663,1661
1667,1672
1672,1667
1677,1683
1683,1677
1687,1688
1688,1687
1689,1693
1693,1689
1696,1703
1703,1696
1710,1714
1714,1710
1716,1721
1721,1716
1726,1731
1731,1726
1737,1745
1745,1737
1750,1755
1755,1750
1760,1763
1763,1760
1765,1770
1770,1765
1774,1781
1781,1774
1789,1795
1795,1789
1799,1803
1803,1799
1805,1807
1807,1805
1809,1814
1814,1809
1818,1824
1824,1818
1828,1831
1831,1828
1833,1835
1835,1833
1837,1842
1842,1837
1846,1847
1847,1846
1848,1850
1850,1848
1853,1854
1854,1853
1856,1860
1860,1856
1863,1867
1867,1863
1872,1874
1874,1872
1876,1878
1878,1876
1880,1883
1883,1880
1888,1891
1891,1888
1894,1899
1899,1894
1903,1906
1906,1903
1909,1911
1911,1909
1915,1919
1919,1915
1921,1925
1925,1921
1929,1931
1931,1929
1933,1935
1935,1933
1937,1942
1942,1937
1945,1946
1946,1945
1947,1948
1948,1947
1949,1951
1951,1949
1953,1956
1956,1953
1960,1961
1961,1960
1962,1965
1965,1962
1966,1973
1973,1966
1978,1982
1982,1978
1985,1988
1988,1985
1992,1995
1995,1992
1999,2001
2001,1999
2002,2005
2005,2002
2009,2015
2015,2009
2021,2025
2025,2021
2028,2034
2034,2028
2041,2048
2048,2041
2053,2054
2054,2053
2055,2058
2058,2055
2061,2065
2065,2061
2069,2070
2070,2069
2071,2075
2075,2071
2081,2084
2084,2081
2087,2094
2094,2087
2102,2105
2105,2102
2109,2112
2112,2109
2114,2116
2116,2114
2119,2122
2122,2119
2125,2129
2129,2125
2132,2136
2136,2132
2140,2143
2143,2140
2145,2147
2147,2145
2149,2151
2151,2149
2154,2159
2159,2154
2163,2168
2168,2163
2172,2177
2177,2172
2180,2184
2184,2180
2188,2192
2192,2188
2193,2196
2196,2193
2197,2198
2198,2197
2199,2204
2204,2199
2210,2213
2213,2210
2217,2220
2220,2217
2223,2229
2229,2223
2235,2240
2240,2235
2244,2250
2250,2244
2253,2257
2257,2253
2259,2260
2260,2259
2261,2264
2264,2261
2269,2273
2273,2269
2278,2280
2280,2278
2282,2286
2286,2282
2289,2293
2293,2289
2297,2300
2300,2297
2303,2305
2305,2303
2308,2312
2312,2308
2316,2320
2320,2316
2323,2326
2326,2323
2331,2335
2335,2331
2337,2339
2339,2337
2341,2346
2346,2341
2349,2353
2353,2349
2357,2361
2361,2357
2365,2368
2368,2365
2371,2372
2372,2371
2374,2376
2376,2374
2378,2380
2380,2378
2383,2384
2384,2383
2385,2388
2388,2385
2391,2394
2394,2391
2398,2401
2401,2398
2405,2406
2406,2405
2407,2410
2410,2407
2413,2422
2422,2413
2431,2435
2435,2431
2438,2440
2440,2438
2444,2446
2446,2444
2447,2452
2452,2447
2456,2458
2458,2456
2460,2462
2462,2460
2464,2468
2468,2464
2472,2474
2474,2472
2476,2478
2478,2476
2480,2484
2484,2480
2489,2492
2492,2489
2498,2502
2502,2498
2509,2512
2512,2509
2515,2518
2518,2515
2519,2525
2525,2519
2529,2532
2532,2529
2536,2541
2541,2536
2546,2556
2556,2546
2566,2573
2573,2566
2578,2583
2583,2578
2588,2592
2592,2588
2597,2600
2600,2597
2604,2605
2605,2604
2608,2609
2609,2608
2610,2613
2613,2610
2616,2619
2619,2616
2622,2625
2625,2622
2627,2630
2630,2627
2633,2638
2638,2633
2641,2646
2646,2641
2649,2652
2652,2649
2655,2659
2659,2655
2661,2662
2662,2661
2663,2668
2668,2663
2674,2678
2678,2674
2684,2689
2689,2684
2692,2697
2697,2692
2700,2703
2703,2700
2707,2712
2712,2707
2719,2723
2723,2719
2727,2730
2730,2727
2733,2738
2738,2733
2742,2745
2745,2742
2747,2751
2751,2747
2753,2755
2755,2753
2758,2759
2759,2758
2762,2765
2765,2762
2768,2771
2771,2768
2775,2779
2779,2775
2782,2786
2786,2782
2791,2793
2793,2791
2795,2800
2800,2795
2805,2806
2806,2805
2807,2812
2812,2807
2815,2820
2820,2815
2826,2829
2829,2826
2832,2836
2836,2832
2838,2839
2839,2838
2840,2842
2842,2840
2845,2848
2848,2845
2850,2854
2854,2850
2857,2859
2859,2857
2861,2865
2865,2861
2869,2871
2871,2869
2872,2873
2873,2872
2874,2879
2879,2874
2884,2886
2886,2884
2890,2893
2893,2890
2896,2899
2899,2896
2903,2904
2904,2903
2905,2910
2910,2905
2915,2920
2920,2915
2925,2931
2931,2925
2936,2938
2938,2936
2939,2943
2943,2939
2946,2948
2948,2946
2950,2953
2953,2950
2957,2959
2959,2957
2962,2964
2964,2962
2967,2970
2970,2967
2973,2978
2978,2973
2981,2988
2988,2981
2997,3000
3000,2997
3004,3009
3009,3004
3016,3021
3021,3016
3027,3030
3030,3027
3032,3034
3034,3032
3036,3038
3038,3036
3041,3043
3043,3041
3046,3048
3048,3046
3051,3056
3056,3051
3061,3062
3062,3061
3064,3068
3068,3064
3072,3075
3075,3072
3078,3084
3084,3078
3088,3093
3093,3088
3098,3100
3100,3098
3102,3107
3107,3102
3112,3114
3114,3112
3116,3120
3120,3116
3123,3127
3127,3123
3130,3133
3133,3130
3137,3140
3140,3137
3142,3147
3147,3142
3153,3157
3157,3153
3163,3166
3166,3163
3169,3172
3172,3169
3176,3180
3180,3176
3184,3186
3186,3184
3188,3192
3192,3188
3197,3200
3200,3197
3203,3207
3207,3203
3212,3215
3215,3212
3217,3220
3220,3217
3224,3225
3225,3224
3226,3229
3229,3226
3231,3232
3232,3231
3233,3237
3237,3233
3242,3244
3244,3242
3247,3251
3251,3247
3255,3259
3259,3255
3263,3265
3265,3263
3267,3272
3272,3267
3277,3279
3279,3277
3280,3282
3282,3280
3285,3288
3288,3285
3292,3294
3294,3292
3298,3302
3302,3298
3306,3308
3308,3306
3311,3316
3316,3311
3321,3324
3324,3321
3328,3331
3331,3328
3334,3336
3336,3334
3338,3344
3344,3338
3350,3352
3352,3350
3353,3354
3354,3353
3355,3361
3361,3355
3364,3369
3369,3364
3373,3377
3377,3373
3380,3384
3384,3380
3388,3390
3390,3388
3391,3393
3393,3391
3395,3396
3396,3395
3397,3400
3400,3397
3403,3407
3407,3403
3411,3415
3415,3411
3418,3425
3425,3418
3429,3434
3434,3429
3441,3448
3448,3441
3456,3461
3461,3456
3466,3471
3471,3466
3477,3480
3480,3477
3483,3485
3485,3483
3487,3493
3493,3487
3499,3502
3502,3499
3506,3512
3512,3506
3518,3523
3523,3518
3527,3529
3529,3527
3531,3534
3534,3531
3538,3543
3543,3538
3547,3549
3549,3547
3552,3556
3556,3552
3559,3562
3562,3559
3565,3569
3569,3565
3573,3575
3575,3573
3577,3578
3578,3577
3581,3587
3587,3581
3593,3595
3595,3593
3596,3599
3599,3596
3602,3606
3606,3602
3610,3612
3612,3610
3615,3618
3618,3615
3623,3625
3625,3623
3626,3630
3630,3626
3634,3636
3636,3634
3638,3642
3642,3638
3646,3648
3648,3646
3650,3653
3653,3650
3657,3662
3662,3657
3667,3668
3668,3667
3670,3673
3673,3670
3675,3677
3677,3675
3678,3683
3683,3678
3690,3696
3696,3690
3701,3705
3705,3701
3709,3712
3712,3709
3716,3719
3719,3716
3722,3727
3727,3722
3730,3734
3734,3730
3740,3741
3741,3740
3742,3745
3745,3742
3747,3754
3754,3747
3758,3764
3764,3758
3770,3771
3771,3770
3772,3774
3774,3772
3778,3781
3781,3778
3784,3790
3790,3784
3794,3796
3796,3794
3798,3802
3802,3798
3807,3813
3813,3807
3816,3819
3819,3816
3822,3824
3824,3822
3827,3829
3829,3827
3831,3834
3834,3831
3838,3842
3842,3838
3846,3849
3849,3846
3852,3853
3853,3852
3856,3858
3858,3856
3862,3868
3868,3862
3870,3874
3874,3870
3877,3883
3883,3877
3889,3893
3893,3889
3896,3897
3897,3896
3900,3903
3903,3900
3906,3911
3911,3906
3916,3919
3919,3916
3921,3926
3926,3921
3930,3933
3933,3930
3935,3940
3940,3935
3945,3947
3947,3945
3949,3951
3951,3949
3955,3957
3957,3955
3960,3962
3962,3960
3964,3969
3969,3964
3975,3979
3979,3975
3982,3986
3986,3982
3990,3994
3994,3990
3996,4002
4002,3996
4008,4012
4012,4008
4015,4020
4020,4015
4027,4032
4032,4027
4037,4038
4038,4037
4039,4042
4042,4039
4046,4048
4048,4046
4049,4053
4053,4049
4059,4063
4063,4059
4066,4070
4070,4066
4073,4075
4075,4073
4076,4077
4077,4076
4079,4082
4082,4079
4084,4086
4086,4084
4087,4092
4092,4087
4096,4097
4097,4096
4099,4100
4100,4099
4102,4103
4103,4102
4104,4107
4107,4104
4112,4118
4118,4112
4124,4127
4127,4124
4131,4132
4132,4131
4135,4138
4138,4135
4142,4145
4145,4142
4149,4155
4155,4149
4162,4164
4164,4162
4168,4170
4170,4168
4171,4174
4174,4171
4177,4181
4181,4177
4187,4193
4193,4187
4199,4203
4203,4199
4207,4211
4211,4207
4217,4222
4222,4217
4225,4229
4229,4225
4233,4234
4234,4233
4236,4238
4238,4236
4241,4246
4246,4241
4248,4252
4252,4248
4255,4258
4258,4255
4261,4266
4266,4261
4270,4273
4273,4270
4276,4278
4278,4276
4282,4284
4284,4282
4286,4290
4290,4286
4294,4299
4299,4294
4303,4308
4308,4303
4313,4315
4315,4313
4316,4320
4320,4316
4325,4329
4329,4325
4332,4336
4336,4332
4339,4341
4341,4339
4343,4348
4348,4343
4352,4355
4355,4352
4358,4360
4360,4358
4363,4367
4367,4363
4371,4373
4373,4371
4375,4380
4380,4375
4384,4387
4387,4384
4389,4392
4392,4389
4398,4407
4407,4398
4416,4419
4419,4416
4422,4424
4424,4422
4427,4429
4429,4427
4431,4432
4432,4431
4434,4437
4437,4434
4440,4445
4445,4440
4448,4449
4449,4448
4451,4456
4456,4451
4460,4466
4466,4460
4471,4475
4475,4471
4477,4483
4483,4477
4488,4494
4494,4488
4498,4501
4501,4498
4504,4506
4506,4504
4507,4510
4510,4507
4512,4515
4515,4512
4518,4524
4524,4518
4531,4532
4532,4531
4534,4537
4537,4534
4540,4543
4543,4540
4547,4554
4554,4547
4562,4565
4565,4562
4568,4572
4572,4568
4575,4581
4581,4575
4586,4592
4592,4586
4598,4600
4600,4598
4602,4604
4604,4602
4608,4611
4611,4608
4614,4617
4617,4614
4621,4625
4625,4621
4627,4631
4631,4627
4635,4637
4637,4635
4640,4642
4642,4640
4643,4646
4646,4643
4649,4651
4651,4649
4653,4659
4659,4653
4663,4666
4666,4663
4669,4677
4677,4669
4684,4687
4687,4684
4690,4695
4695,4690
4698,4703
4703,4698
4708,4710
4710,4708
4712,4715
4715,4712
4718,4722
4722,4718
4727,4730
4730,4727
4734,4740
4740,4734
4747,4749
4749,4747
4751,4755
4755,4751
4759,4761
4761,4759
4764,4766
4766,4764
4767,4774
4774,4767
4783,4787
4787,4783
4791,4799
4799,4791
4806,4809
4809,4806
4815,4817
4817,4815
4818,4824
4824,4818
4828,4830
4830,4828
4832,4834
4834,4832
4836,4839
4839,4836
4843,4846
4846,4843
4849,4856
4856,4849
4863,4874
4874,4863
4883,4886
4886,4883
4888,4891
4891,4888
4894,4896
4896,4894
4898,4901
4901,4898
4904,4909
4909,4904
4915,4917
4917,4915
4918,4922
4922,4918
4926,4929
4929,4926
4932,4934
4934,4932
4936,4938
4938,4936
4940,4945
4945,4940
4951,4954
4954,4951
4960,4963
4963,4960
4966,4969
4969,4966
4972,4977
4977,4972
4982,4986
4986,4982
4993,4999
4999,4993
5003,5008
5008,5003
5012,5014
5014,5012
5016,5019
5019,5016
5022,5023
5023,5022
5025,5028
5028,5025
5032,5037
5037,5032
5041,5045
5045,5041
5048,5053
5053,5048
5057,5058
5058,5057
5060,5067
5067,5060
5071,5076
5076,5071
5081,5084
5084,5081
5086,5092
5092,5086
5097,5098
5098,5097
5101,5103
5103,5101
5105,5110
5110,5105
5116,5118
5118,5116
5120,5124
5124,5120
5127,5130
5130,5127
5134,5136
5136,5134
5140,5145
5145,5140
5147,5148
5148,5147
5149,5154
5154,5149
5159,5160
5160,5159
5162,5166
5166,5162
5171,5175
5175,5171
5179,5182
5182,5179
5185,5188
5188,5185
5191,5195
5195,5191
5199,5203
5203,5199
5206,5212
5212,5206
5215,5220
5220,5215
5226,5232
5232,5226
5238,5239
5239,5238
5241,5245
5245,5241
5250,5254
5254,5250
5259,5264
5264,5259
5269,5271
5271,5269
5272,5274
5274,5272
5276,5278
5278,5276
5281,5283
5283,5281
5286,5289
5289,5286
5292,5295
5295,5292
5298,5302
5302,5298
5307,5312
5312,5307
5316,5319
5319,5316
5322,5323
5323,5322
5325,5329
5329,5325
5332,5339
5339,5332
5346,5349
5349,5346
5353,5359
5359,5353
5365,5370
5370,5365
5374,5375
5375,5374
5376,5380
5380,5376
5384,5385
5385,5384
5387,5391
5391,5387
5395,5398
5398,5395
5403,5406
5406,5403
5410,5414
5414,5410
5420,5425
5425,5420
5429,5431
5431,5429
5434,5436
5436,5434
5438,5440
5440,5438
5442,5446
5446,5442
5450,5453
5453,5450
5455,5456
5456,5455
5457,5460
5460,5457
5464,5465
5465,5464
5468,5470
5470,5468
5472,5475
5475,5472
5477,5480
5480,5477
5485,5488
5488,5485
5490,5495
5495,5490
5503,5507
5507,5503
5510,5513
5513,5510
5516,5519
5519,5516
5523,5526
5526,5523
5528,5533
5533,5528
5536,5542
5542,5536
5548,5551
5551,5548
5554,5558
5558,5554
5562,5568
5568,5562
5571,5573
5573,5571
5576,5577
5577,5576
5581,5583
5583,5581
5585,5589
5589,5585
5594,5596
5596,5594
5597,5601
5601,5597
5606,5610
5610,5606
5613,5618
5618,5613
5623,5631
5631,5623
5638,5641
5641,5638
5646,5647
5647,5646
5648,5652
5652,5648
5657,5664
5664,5657
5670,5673
5673,5670
5676,5679
5679,5676
5682,5685
5685,5682
5687,5689
5689,5687
5693,5698
5698,5693
5703,5706
5706,5703
5709,5713
5713,5709
5718,5719
5719,5718
5721,5723
5723,5721
5724,5728
5728,5724
5731,5737
5737,5731
5745,5747
5747,5745
5750,5752
5752,5750
5755,5762
5762,5755
5768,5773
5773,5768
5778,5782
5782,5778
5786,5790
5790,5786
5794,5799
5799,5794
5804,5811
5811,5804
5816,5819
5819,5816
5822,5824
5824,5822
5827,5830
5830,5827
5832,5833
5833,5832
5834,5836
5836,5834
5838,5842
5842,5838
5846,5850
5850,5846
5854,5861
5861,5854
5868,5871
5871,5868
5874,5883
5883,5874
5894,5896
5896,5894
5898,5901
5901,5898
5905,5909
5909,5905
5914,5916
5916,5914
5919,5923
5923,5919
5926,5929
5929,5926
5932,5935
5935,5932
5938,5940
5940,5938
5943,5945
5945,5943
5947,5953
5953,5947
5959,5964
5964,5959
5969,5973
5973,5969
5977,5978
5978,5977
5980,5982
5982,5980
5984,5986
5986,5984
5987,5991
5991,5987
5994,5996
5996,5994
5998,6001
6001,5998
6005,6010
6010,6005
6015,6020
6020,6015
6025,6032
6032,6025
6036,6038
6038,6036
6040,6042
6042,6040
6045,6046
6046,6045
6047,6049
6049,6047
6054,6058
6058,6054
6061,6065
6065,6061
6069,6071
6071,6069
6074,6077
6077,6074
6080,6084
6084,6080
6087,6091
6091,6087
6096,6099
6099,6096
6105,6107
6107,6105
6110,6115
6115,6110
6121,6124
6124,6121
6128,6133
6133,6128
6137,6140
6140,6137
6143,6146
6146,6143
6149,6151
6151,6149
6153,6155
6155,6153
6156,6160
6160,6156
6164,6167
6167,6164
6169,6171
6171,6169
6172,6175
6175,6172
6178,6181
6181,6178
6184,6189
6189,6184
6194,6203
6203,6194
6213,6219
6219,6213
6226,6232
6232,6226
6238,6240
6240,6238
6243,6246
6246,6243
6251,6254
6254,6251
6257,6261
6261,6257
6263,6267
6267,6263
6269,6273
6273,6269
6276,6279
6279,6276
6283,6286
6286,6283
6289,6293
6293,6289
6297,6301
6301,6297
6305,6309
6309,6305
6312,6315
6315,6312
6318,6321
6321,6318
6323,6325
6325,6323
6326,6331
6331,6326
6338,6340
6340,6338
6342,6344
6344,6342
6346,6347
6347,6346
6349,6352
6352,6349
6355,6357
6357,6355
6360,6361
6361,6360
6362,6367
6367,6362
6372,6375
6375,6372
6379,6382
6382,6379
6385,6390
6390,6385
6395,6400
6400,6395
6404,6407
6407,6404
6408,6412
6412,6408
6415,6420
6420,6415
6426,6428
6428,6426
6431,6435
6435,6431
6439,6441
6441,6439
6443,6446
6446,6443
6449,6454
6454,6449
6460,6465
6465,6460
6470,6475
6475,6470
6481,6487
6487,6481
6491,6496
6496,6491
6500,6505
6505,6500
6510,6511
6511,6510
6514,6515
6515,6514
6516,6520
6520,6516
6524,6529
6529,6524
6534,6535
6535,6534
6536,6538
6538,6536
6542,6546
6546,6542
6551,6555
6555,6551
6559,6565
6565,6559
6571,6578
6578,6571
6587,6588
6588,6587
6591,6593
6593,6591
6595,6601
6601,6595
6607,6610
6610,6607
6611,6615
6615,6611
6618,6623
6623,6618
6628,6631
6631,6628
6634,6637
6637,6634
6639,6641
6641,6639
6644,6651
6651,6644
6658,6662
6662,6658
6666,6671
6671,6666
6675,6677
6677,6675
6678,6681
6681,6678
6683,6688
6688,6683
6692,6695
6695,6692
6698,6701
6701,6698
6704,6707
6707,6704
6710,6714
6714,6710
6719,6726
6726,6719
6732,6737
6737,6732
6740,6745
6745,6740
6749,6754
6754,6749
6760,6761
6761,6760
6762,6764
6764,6762
6766,6772
6772,6766
6777,6782
6782,6777
6788,6792
6792,6788
6794,6798
6798,6794
6799,6803
6803,6799
6805,6806
6806,6805
6808,6812
6812,6808
6816,6823
6823,6816
6829,6831
6831,6829
6834,6836
6836,6834
6838,6839
6839,6838
6841,6845
6845,6841
6848,6849
6849,6848
6851,6855
6855,6851
6859,6862
6862,6859
6864,6866
6866,6864
6868,6873
6873,6868
6880,6883
6883,6880
6885,6890
6890,6885
6895,6898
6898,6895
6899,6902
6902,6899
6906,6910
6910,6906
6913,6918
6918,6913
6923,6926
6926,6923
6929,6932
6932,6929
6935,6942
6942,6935
6946,6950
6950,6946
6954,6958
6958,6954
6961,6964
6964,6961
6967,6970
6970,6967
6973,6975
6975,6973
6979,6981
6981,6979
6983,6989
6989,6983
6994,6998
6998,6994
7003,7005
7005,7003
7007,7012
7012,7007
7016,7018
7018,7016
7021,7024
7024,7021
7027,7029
7029,7027
7030,7034
7034,7030
7037,7039
7039,7037
7041,7046
7046,7041
7053,7056
7056,7053
7058,7059
7059,7058
7060,7063
7063,7060
7066,7069
7069,7066
7072,7080
7080,7072
7088,7093
7093,7088
7099,7103
7103,7099
7107,7111
7111,7107
7116,7121
7121,7116
7124,7129
7129,7124
7133,7136
7136,7133
7137,7141
7141,7137
7144,7149
7149,7144
7153,7154
7154,7153
7156,7164
7164,7156
7169,7174
7174,7169
7181,7186
7186,7181
7190,7194
7194,7190
7201,7209
7209,7201
7215,7218
7218,7215
7222,7223
7223,7222
7225,7227
7227,7225
7229,7230
7230,7229
7231,7235
7235,7231
7239,7240
7240,7239
7242,7245
7245,7242
7248,7250
7250,7248
7252,7256
7256,7252
7260,7262
7262,7260
7265,7269
7269,7265
7272,7274
7274,7272
7276,7277
7277,7276
7278,7281
7281,7278
7283,7285
7285,7283
7289,7293
7293,7289
7296,7297
7297,7296
7298,7303
7303,7298
7308,7313
7313,7308
7315,7319
7319,7315
7321,7323
7323,7321
7324,7327
7327,7324
7331,7336
7336,7331
7341,7347
7347,7341
7353,7354
7354,7353
7356,7360
7360,7356
7364,7369
7369,7364
7374,7376
7376,7374
7378,7380
7380,7378
7382,7385
7385,7382
7389,7394
7394,7389
7398,7403
7403,7398
7408,7410
7410,7408
7413,7415
7415,7413
7419,7426
7426,7419
7433,7436
7436,7433
7439,7443
7443,7439
7447,7451
7451,7447
7454,7457
7457,7454
7463,7468
7468,7463
7474,7477
7477,7474
7480,7483
7483,7480
7487,7493
7493,7487
7499,7500
7500,7499
7501,7504
7504,7501
7507,7511
7511,7507
7514,7516
7516,7514
7517,7523
7523,7517
7528,7533
7533,7528
7536,7539
7539,7536
7542,7543
7543,7542
7546,7548
7548,7546
7550,7552
7552,7550
7554,7556
7556,7554
7558,7560
7560,7558
7563,7567
7567,7563
7571,7579
7579,7571
7584,7590
7590,7584
7595,7597
7597,7595
7598,7601
7601,7598
7604,7611
7611,7604
7618,7622
7622,7618
7624,7629
7629,7624
7635,7640
7640,7635
7645,7647
7647,7645
7650,7653
7653,7650
7657,7661
7661,7657
7665,7668
7668,7665
7671,7675
7675,7671
7680,7683
7683,7680
7686,7687
7687,7686
7689,7692
7692,7689
7694,7698
7698,7694
7702,7707
7707,7702
7713,7715
7715,7713
7718,7722
7722,7718
7725,7729
7729,7725
7734,7738
7738,7734
7741,7743
7743,7741
7745,7751
7751,7745
7754,7760
7760,7754
7765,7768
7768,7765
7771,7772
7772,7771
7773,7776
7776,7773
7779,7780
7780,7779
7781,7785
7785,7781
7789,7794
7794,7789
7798,7803
7803,7798
7809,7812
7812,7809
7815,7817
7817,7815
7819,7820
7820,7819
7821,7824
7824,7821
7826,7833
7833,7826
7840,7843
7843,7840
7846,7853
7853,7846
7859,7864
7864,7859
7868,7870
7870,7868
7873,7874
7874,7873
7875,7881
7881,7875
7888,7894
7894,7888
7899,7900
7900,7899
7902,7906
7906,7902
7909,7915
7915,7909
7920,7921
7921,7920
7922,7924
7924,7922
7926,7933
7933,7926
7939,7943
7943,7939
7946,7951
7951,7946
7957,7961
7961,7957
7964,7966
7966,7964
7968,7972
7972,7968
7977,7980
7980,7977
7982,7985
7985,7982
7988,7992
7992,7988
7999,8001
8001,7999
8003,8006
8006,8003
8009,8012
8012,8009
8014,8018
8018,8014
8021,8024
8024,8021
8027,8030
8030,8027
8035,8038
8038,8035
8040,8041
8041,8040
8042,8045
8045,8042
8048,8051
8051,8048
8053,8056
8056,8053
8060,8062
8062,8060
8063,8066
8066,8063
8069,8073
8073,8069
8077,8081
8081,8077
8086,8093
8093,8086
8098,8101
8101,8098
8104,8108
8108,8104
8112,8115
8115,8112
8117,8120
8120,8117
8121,8125
8125,8121
8129,8131
8131,8129
8134,8137
8137,8134
8140,8144
8144,8140
8147,8150
8150,8147
8153,8163
8163,8153
8172,8177
8177,8172
8181,8183
8183,8181
8185,8189
8189,8185
8193,8195
8195,8193
8198,8205
8205,8198
8209,8214
8214,8209
8219,8221
8221,8219
8225,8226
8226,8225
8227,8233
8233,8227
8238,8241
8241,8238
8243,8245
8245,8243
8247,8248
8248,8247
8250,8254
8254,8250
8258,8265
8265,8258
8271,8276
8276,8271
8279,8282
8282,8279
8284,8286
8286,8284
8288,8289
8289,8288
8290,8293
8293,8290
8296,8301
8301,8296
8307,8313
8313,8307
8318,8319
8319,8318
8320,8325
8325,8320
8331,8334
8334,8331
8336,8341
8341,8336
8346,8352
8352,8346
8358,8362
8362,8358
8366,8372
8372,8366
8378,8383
8383,8378
8388,8394
8394,8388
8399,8401
8401,8399
8402,8409
8409,8402
8414,8415
8415,8414
8418,8421
8421,8418
8425,8430
8430,8425
8435,8441
8441,8435
8445,8447
8447,8445
8449,8453
8453,8449
8457,8463
8463,8457
8469,8472
8472,8469
8475,8478
8478,8475
8481,8487
8487,8481
8494,8498
8498,8494
8502,8505
8505,8502
8507,8508
8508,8507
8510,8516
8516,8510
8522,8528
8528,8522
8533,8538
8538,8533
8541,8545
8545,8541
8550,8553
8553,8550
8555,8557
8557,8555
8559,8569
8569,8559
8577,8580
8580,8577
8584,8587
8587,8584
8591,8594
8594,8591
8596,8601
8601,8596
8604,8605
8605,8604
8606,8610
8610,8606
8615,8616
8616,8615
8618,8623
8623,8618
8626,8632
8632,8626
8638,8643
8643,8638
8646,8652
8652,8646
8658,8659
8659,8658
8661,8664
8664,8661
8667,8675
8675,8667
8682,8688
8688,8682
8693,8698
8698,8693
8703,8707
8707,8703
8711,8714
8714,8711
8715,8723
8723,8715
8732,8739
8739,8732
8745,8753
8753,8745
8756,8762
8762,8756
8769,8776
8776,8769
8784,8788
8788,8784
8792,8796
8796,8792
8801,8804
8804,8801
8806,8811
8811,8806
8816,8820
8820,8816
8823,8826
8826,8823
8829,8831
8831,8829
8834,8837
8837,8834
8842,8846
8846,8842
8849,8852
8852,8849
8856,8858
8858,8856
8860,8864
8864,8860
8868,8874
8874,8868
8878,8881
8881,8878
8884,8885
8885,8884
8886,8890
8890,8886
8892,8894
8894,8892
8897,8899
8899,8897
8901,8904
8904,8901
8907,8912
8912,8907
8917,8923
8923,8917
8929,8930
8930,8929
8933,8934
8934,8933
8935,8940
8940,8935
8945,8949
8949,8945
8952,8955
8955,8952
8958,8963
8963,8958
8967,8969
8969,8967
8973,8976
8976,8973
8979,8983
8983,8979
8987,8989
8989,8987
8992,8997
8997,8992
9003,9006
9006,9003
9009,9013
9013,9009
9017,9020
9020,9017
9024,9029
9029,9024
9032,9035
9035,9032
9038,9040
9040,9038
9042,9044
9044,9042
9046,9053
9053,9046
9059,9061
9061,9059
9065,9069
9069,9065
9072,9075
9075,9072
9078,9084
9084,9078
9091,9095
9095,9091
9099,9103
9103,9099
9106,9108
9108,9106
9110,9113
9113,9110
9116,9121
9121,9116
9124,9127
9127,9124
9130,9134
9134,9130
9138,9141
9141,9138
9144,9148
9148,9144
9150,9153
9153,9150
9155,9160
9160,9155
9164,9166
9166,9164
9168,9174
9174,9168
9178,9180
9180,9178
9182,9188
9188,9182
9193,9200
9200,9193
9206,9209
9209,9206
9212,9215
9215,9212
9218,9223
9223,9218
9228,9232
9232,9228
9237,9243
9243,9237
9251,9258
9258,9251
9265,9268
9268,9265
9270,9275
9275,9270
9282,9287
9287,9282
9292,9294
9294,9292
9296,9297
9297,9296
9298,9300
9300,9298
9302,9306
9306,9302
9310,9315
9315,9310
9320,9324
9324,9320
9327,9333
9333,9327
9339,9344
9344,9339
9349,9353
9353,9349
9357,9362
9362,9357
9368,9372
9372,9368
9376,9377
9377,9376
9379,9384
9384,9379
9388,9390
9390,9388
9393,9396
9396,9393
9399,9402
9402,9399
9405,9409
9409,9405
9416,9420
9420,9416
9423,9425
9425,9423
9428,9433
9433,9428
9438,9439
9439,9438
9443,9448
9448,9443
9452,9454
9454,9452
9457,9459
9459,9457
9462,9463
9463,9462
9464,9466
9466,9464
9468,9471
9471,9468
9473,9477
9477,9473
9481,9485
9485,9481
9487,9492
9492,9487
9497,9502
9502,9497
9508,9511
9511,9508
9514,9518
9518,9514
9522,9525
9525,9522
9529,9530
9530,9529
9531,9534
9534,9531
9536,9537
9537,9536
9538,9540
9540,9538
9542,9547
9547,9542
9552,9555
9555,9552
9558,9562
9562,9558
9566,9567
9567,9566
9570,9577
9577,9570
9581,9583
9583,9581
9587,9588
9588,9587
9590,9597
9597,9590
9602,9605
9605,9602
9610,9613
9613,9610
9616,9623
9623,9616
9631,9635
9635,9631
9638,9643
9643,9638
9649,9653
9653,9649
9657,9662
9662,9657
9666,9671
9671,9666
9678,9681
9681,9678
9684,9686
9686,9684
9690,9696
9696,9690
9703,9707
9707,9703
9712,9717
9717,9712
9723,9725
9725,9723
9727,9728
9728,9727
9729,9733
9733,9729
9737,9743
9743,9737
9748,9753
9753,9748
9756,9760
9760,9756
9765,9771
9771,9765
9779,9781
9781,9779
9783,9786
9786,9783
9790,9796
9796,9790
9802,9807
9807,9802
9810,9814
9814,9810
9819,9821
9821,9819
9823,9825
9825,9823
9827,9828
9828,9827
9830,9835
9835,9830
9841,9843
9843,9841
9847,9850
9850,9847
9853,9856
9856,9853
9861,9863
9863,9861
9865,9870
9870,9865
9876,9879
9879,9876
9881,9884
9884,9881
9887,9891
9891,9887
9895,9900
9900,9895
9906,9909
9909,9906
9912,9914
9914,9912
9915,9918
9918,9915
9922,9925
9925,9922
9928,9931
9931,9928
9934,9938
9938,9934
9941,9943
9943,9941
9945,9950
9950,9945
9954,9958
9958,9954
9962,9964
9964,9962
9965,9967
9967,9965
9969,9971
9971,9969
9972,9976
9976,9972
9979,9981
9981,9979
9984,9986
9986,9984
9987,9989
9989,9987
9992,9993
9993,9992
9995,9998
9998,9995
10001,10002
10002,10001
10004,10008
10008,10004
10011,10014
10014,10011
10017,10019
10019,10017
10021,10025
10025,10021
10029,10034
10034,10029
10041,10045
10045,10041
10048,10056
10056,10048
10063,10067
10067,10063
10070,10078
10078,10070
10085,10089
10089,10085
10092,10095
10095,10092
10098,10103
10103,10098
10107,10112
10112,10107
10119,10125
10125,10119
10133,10134
10134,10133
10135,10141
10141,10135
10147,10150
10150,10147
10151,10154
10154,10151
10157,10160
10160,10157
10163,10165
10165,10163
10166,10170
10170,10166
10174,10177
10177,10174
10180,10182
10182,10180
10186,10189
10189,10186
10192,10196
10196,10192
10199,10200
10200,10199
10201,10204
10204,10201
10207,10209
10209,10207
10212,10215
10215,10212
10218,10221
10221,10218
10223,10230
10230,10223
10238,10242
10242,10238
10247,10252
10252,10247
10257,10264
10264,10257
10272,10276
10276,10272
10280,10284
10284,10280
10287,10291
10291,10287
10295,10297
10297,10295
10298,10299
10299,10298
10300,10304
10304,10300
10307,10309
10309,10307
10311,10314
10314,10311
10317,10320
10320,10317
10323,10328
10328,10323
10333,10337
10337,10333
10342,10344
10344,10342
10346,10349
10349,10346
10351,10352
10352,10351
10353,10357
10357,10353
10362,10366
10366,10362
10373,10378
10378,10373
10383,10387
10387,10383
10394,10396
10396,10394
10398,10402
10402,10398
10406,10408
10408,10406
10410,10416
10416,10410
10422,10424
10424,10422
10426,10431
10431,10426
10434,10438
10438,10434
10442,10446
10446,10442
10450,10453
10453,10450
10456,10459
10459,10456
10461,10464
10464,10461
10468,10472
10472,10468
10475,10479
10479,10475
10485,10486
10486,10485
10488,10492
10492,10488
10495,10498
10498,10495
10501,10507
10507,10501
10513,10518
10518,10513
10523,10526
10526,10523
10529,10532
10532,10529
10534,10536
10536,10534
10538,10542
10542,10538
10546,10551
10551,10546
10557,10558
10558,10557
10559,10563
10563,10559
10567,10571
10571,10567
10574,10576
10576,10574
10578,10583
10583,10578
10588,10591
10591,10588
10594,10597
10597,10594
10600,10602
10602,10600
10605,10608
10608,10605
10611,10615
10615,10611
10618,10623
10623,10618
10627,10630
10630,10627
10632,10634
10634,10632
10637,10639
10639,10637
10643,10648
10648,10643
10651,10652
10652,10651
10653,10660
10660,10653
10666,10668
10668,10666
10671,10674
10674,10671
10679,10684
10684,10679
10691,10694
10694,10691
10697,10703
10703,10697
10708,10713
10713,10708
10717,10720
10720,10717
10723,10726
10726,10723
10730,10734
10734,10730
10738,10744
10744,10738
10749,10753
10753,10749
10757,10762
10762,10757
10768,10771
10771,10768
10775,10779
10779,10775
10783,10787
10787,10783
10791,10793
10793,10791
10797,10800
10800,10797
10802,10805
10805,10802
10810,10815
10815,10810
10820,10823
10823,10820
10826,10828
10828,10826
10830,10835
10835,10830
10841,10843
10843,10841
10846,10848
10848,10846
10850,10855
10855,10850
10859,10861
10861,10859
10864,10868
10868,10864
10874,10876
10876,10874
10879,10882
10882,10879
10885,10888
10888,10885
10892,10896
10896,10892
10904,10909
10909,10904
10914,10919
10919,10914
10923,10928
10928,10923
10933,10938
10938,10933
10943,10950
10950,10943
10957,10962
10962,10957
10966,10967
10967,10966
10970,10973
10973,10970
10976,10980
10980,10976
10983,10984
10984,10983
10985,10988
10988,10985
10991,10997
10997,10991
11003,11004
11004,11003
11005,11007
11007,11005
11009,11011
11011,11009
11013,11016
11016,11013
11019,11022
11022,11019
11025,11031
11031,11025
11037,11041
11041,11037
11044,11047
11047,11044
11050,11051
11051,11050
11053,11056
11056,11053
11058,11059
11059,11058
11061,11065
11065,11061
11069,11072
11072,11069
11074,11078
11078,11074
11084,11087
11087,11084
11089,11095
11095,11089
11099,11105
11105,11099
11110,11114
11114,11110
11118,11122
11122,11118
11124,11125
11125,11124
11126,11130
11130,11126
11134,11136
11136,11134
11138,11143
11143,11138
11147,11153
11153,11147
11156,11160
11160,11156
11164,11167
11167,11164
11171,11174
11174,11171
11177,11181
11181,11177
11184,11187
11187,11184
11190,11194
11194,11190
11200,11208
11208,11200
11214,11216
11216,11214
11219,11223
11223,11219
11228,11230
11230,11228
11231,11236
11236,11231
11241,11244
11244,11241
11247,11254
11254,11247
11261,11265
11265,11261
11268,11270
11270,11268
11272,11275
11275,11272
11278,11281
11281,11278
11284,11288
11288,11284
11292,11295
11295,11292
11300,11304
11304,11300
11308,11313
11313,11308
11317,11323
11323,11317
11332,11336
11336,11332
11340,11344
11344,11340
11348,11353
11353,11348
11358,11361
11361,11358
11364,11369
11369,11364
11374,11378
11378,11374
11382,11383
11383,11382
11384,11386
11386,11384
11388,11392
11392,11388
11394,11395
11395,11394
11397,11401
11401,11397
11405,11409
11409,11405
11415,11420
11420,11415
11425,11430
11430,11425
11435,11437
11437,11435
11440,11445
11445,11440
11449,11454
11454,11449
11459,11460
11460,11459
11462,11465
11465,11462
11468,11473
11473,11468
11477,11479
11479,11477
11481,11484
11484,11481
11487,11489
11489,11487
11491,11494
11494,11491
11498,11504
11504,11498
11509,11514
11514,11509
11517,11521
11521,11517
11523,11526
11526,11523
11529,11532
11532,11529
11535,11540
11540,11535
11543,11547
11547,11543
11551,11554
11554,11551
11557,11559
11559,11557
11560,11563
11563,11560
11566,11569
11569,11566
11573,11574
11574,11573
11576,11577
11577,11576
11578,11581
11581,11578
11584,11588
11588,11584
11592,11598
11598,11592
11604,11611
11611,11604
11617,11625
11625,11617
11631,11636
11636,11631
11642,11645
11645,11642
11647,11650
11650,11647
11652,11655
11655,11652
11659,11661
11661,11659
11663,11667
11667,11663
11671,11675
11675,11671
11680,11681
11681,11680
11682,11685
11685,11682
11688,11690
11690,11688
11692,11698
11698,11692
11705,11708
11708,11705
11711,11713
11713,11711
11716,11719
11719,11716
11721,11724
11724,11721
11727,11733
11733,11727
11740,11742
11742,11740
11746,11752
11752,11746
11756,11758
11758,11756
11759,11764
11764,11759
11768,11773
11773,11768
11776,11784
11784,11776
11791,11797
11797,11791
11802,11808
11808,11802
11813,11814
11814,11813
11816,11819
11819,11816
11822,11824
11824,11822
11826,11828
11828,11826
11830,11833
11833,11830
11837,11839
11839,11837
11841,11844
11844,11841
11846,11851
11851,11846
11856,11862
11862,11856
11869,11872
11872,11869
11875,11879
11879,11875
11882,11885
11885,11882
11889,11891
11891,11889
11895,11897
11897,11895
11899,11902
11902,11899
11905,11912
11912,11905
11920,11927
11927,11920
11931,11933
11933,11931
11935,11937
11937,11935
11940,11942
11942,11940
11943,11946
11946,11943
11949,11952
11952,11949
11956,11959
11959,11956
11961,11963
11963,11961
11964,11967
11967,11964
11970,11977
11977,11970
11982,11988
11988,11982
11994,11996
11996,11994
11999,12004
12004,11999
12010,12013
12013,12010
12016,12018
12018,12016
12021,12024
12024,12021
12027,12030
12030,12027
12033,12034
12034,12033
12035,12040
12040,12035
12045,12051
12051,12045
12057,12064
12064,12057
12071,12076
12076,12071
12082,12085
12085,12082
12089,12091
12091,12089
12092,12100
12100,12092
12106,12112
12112,12106
12117,12120
12120,12117
12124,12128
12128,12124
12132,12134
12134,12132
12136,12141
12141,12136
12145,12146
12146,12145
12149,12154
12154,12149
12159,12161
12161,12159
12163,12166
12166,12163
12169,12170
12170,12169
12171,12173
12173,12171
12175,12178
12178,12175
12179,12184
12184,12179
12188,12190
12190,12188
12192,12195
12195,12192
12198,12206
12206,12198
12211,12215
12215,12211
12220,12224
12224,12220
12228,12233
12233,12228
12236,12240
12240,12236
12244,12249
12249,12244
12253,12258
12258,12253
12264,12267
12267,12264
12270,12272
12272,12270
12276,12279
12279,12276
12282,12285
12285,12282
12287,12289
12289,12287
12291,12292
12292,12291
12295,12300
12300,12295
12305,12306
12306,12305
12307,12309
12309,12307
12311,12316
12316,12311
12321,12323
12323,12321
12325,12329
12329,12325
12333,12337
12337,12333
12341,12346
12346,12341
12354,12357
12357,12354
12359,12364
12364,12359
12370,12372
12372,12370
12374,12379
12379,12374
12384,12386
12386,12384
12387,12390
12390,12387
12392,12393
12393,12392
12396,12400
12400,12396
12404,12406
12406,12404
12410,12414
12414,12410
12416,12422
12422,12416
12429,12433
12433,12429
12435,12437
12437,12435
12440,12443
12443,12440
12446,12448
12448,12446
12452,12458
12458,12452
12463,12467
12467,12463
12471,12472
12472,12471
12473,12475
12475,12473
12477,12480
12480,12477
12484,12487
12487,12484
12490,12492
12492,12490
12494,12498
12498,12494
12502,12507
12507,12502
12510,12512
12512,12510
12516,12520
12520,12516
12524,12528
12528,12524
12533,12536
12536,12533
12541,12544
12544,12541
12546,12550
12550,12546
12555,12556
12556,12555
12559,12562
12562,12559
12565,12570
12570,12565
12575,12576
12576,12575
12577,12584
12584,12577
12587,12592
12592,12587
12596,12598
12598,12596
12600,12602
12602,12600
12604,12607
12607,12604
12610,12612
12612,12610
12616,12621
12621,12616
12625,12629
12629,12625
12632,12637
12637,12632
12643,12648
12648,12643
12652,12654
12654,12652
12656,12662
12662,12656
12665,12670
12670,12665
12673,12676
12676,12673
12679,12685
12685,12679
12691,12694
12694,12691
12697,12701
12701,12697
12704,12707
12707,12704
12709,12711
12711,12709
12713,12715
12715,12713
12717,12721
12721,12717
12726,12728
12728,12726
12730,12734
12734,12730
12738,12740
12740,12738
12744,12747
12747,12744
12753,12757
12757,12753
12760,12762
12762,12760
12764,12768
12768,12764
12772,12776
12776,12772
12779,12782
12782,12779
12786,12789
12789,12786
12790,12794
12794,12790
12798,12801
12801,12798
12804,12806
12806,12804
12808,12813
12813,12808
12816,12817
12817,12816
12819,12820
12820,12819
12821,12826
12826,12821
12830,12833
12833,12830
12834,12839
12839,12834
12844,12848
12848,12844
12852,12858
12858,12852
12862,12864
12864,12862
12866,12874
12874,12866
12881,12886
12886,12881
12890,12897
12897,12890
12901,12905
12905,12901
12909,12913
12913,12909
12917,12924
12924,12917
12930,12934
12934,12930
12936,12940
12940,12936
12942,12948
12948,12942
12952,12957
12957,12952
12963,12968
12968,12963
12974,12979
12979,12974
12986,12988
12988,12986
12992,12995
12995,12992
12996,13001
13001,12996
13005,13010
13010,13005
13016,13018
13018,13016
13019,13023
13023,13019
13028,13029
13029,13028
13031,13038
13038,13031
13045,13048
13048,13045
13051,13055
13055,13051
13059,13061
13061,13059
13067,13068
13068,13067
13070,13073
13073,13070
13075,13080
13080,13075
13087,13091
13091,13087
13095,13101
13101,13095
13107,13110
13110,13107
13113,13118
13118,13113
13120,13123
13123,13120
13128,13133
13133,13128
13137,13142
13142,13137
13148,13150
13150,13148
13152,13155
13155,13152
13158,13162
13162,13158
13164,13167
13167,13164
13169,13173
13173,13169
13176,13179
13179,13176
13182,13185
13185,13182
13189,13193
13193,13189
13198,13201
13201,13198
13205,13207
13207,13205
13209,13213
13213,13209
13220,13224
13224,13220
13228,13232
13232,13228
13236,13239
13239,13236
13241,13246
13246,13241
13251,13253
13253,13251
13254,13255
13255,13254
13257,13260
13260,13257
13263,13269
13269,13263
13275,13278
13278,13275
13281,13285
13285,13281
13289,13292
13292,13289
13297,13300
13300,13297
13302,13306
13306,13302
13309,13311
13311,13309
13313,13322
13322,13313
13331,13335
13335,13331
13339,13345
13345,13339
13350,13351
13351,13350
13352,13356
13356,13352
13360,13362
13362,13360
13364,13367
13367,13364
13370,13374
13374,13370
13379,13383
13383,13379
13390,13392
13392,13390
13394,13399
13399,13394
13403,13405
13405,13403
13407,13413
13413,13407
13417,13421
13421,13417
13425,13426
13426,13425
13429,13434
13434,13429
13441,13446
13446,13441
13449,13457
13457,13449
13466,13470
13470,13466
13472,13476
13476,13472
13480,13484
13484,13480
13488,13491
13491,13488
13495,13499
13499,13495
13502,13507
13507,13502
13512,13516
13516,13512
13520,13523
13523,13520
13526,13527
13527,13526
13529,13531
13531,13529
13533,13538
13538,13533
13543,13548
13548,13543
13554,13561
13561,13554
13565,13567
13567,13565
13570,13573
13573,13570
13577,13579
13579,13577
13581,13584
13584,13581
13587,13590
13590,13587
13593,13596
13596,13593
13598,13602
13602,13598
13606,13607
13607,13606
13608,13612
13612,13608
13617,13618
13618,13617
13619,13622
13622,13619
13624,13627
13627,13624
13630,13638
13638,13630
13645,13648
13648,13645
13650,13653
13653,13650
13656,13659
13659,13656
13663,13664
13664,13663
13665,13667
13667,13665
13669,13671
13671,13669
13674,13678
13678,13674
13682,13685
13685,13682
13688,13691
13691,13688
13692,13693
13693,13692
13694,13698
13698,13694
13702,13705
13705,13702
13707,13713
13713,13707
13720,13726
13726,13720
13730,13734
13734,13730
13736,13740
13740,13736
13741,13743
13743,13741
13745,13748
13748,13745
13751,13757
13757,13751
13764,13765
13765,13764
13768,13772
13772,13768
13776,13780
13780,13776
13782,13784
13784,13782
13786,13788
13788,13786
13791,13793
13793,13791
13795,13799
13799,13795
13804,13807
13807,13804
13810,13814
13814,13810
13818,13821
13821,13818
13825,13827
13827,13825
13830,13833
13833,13830
13835,13839
13839,13835
13845,13847
13847,13845
13849,13854
13854,13849
13859,13861
13861,13859
13864,13867
13867,13864
13868,13874
13874,13868
13880,13881
13881,13880
13882,13884
13884,13882
13886,13889
13889,13886
13892,13894
13894,13892
13896,13900
13900,13896
13905,13907
13907,13905
13909,13911
13911,13909
13913,13916
13916,13913
13919,13924
13924,13919
13929,13930
13930,13929
13931,13933
13933,13931
13935,13940
13940,13935
13944,13946
13946,13944
13948,13952
13952,13948
13955,13959
13959,13955
13966,13969
13969,13966
13972,13974
13974,13972
13976,13979
13979,13976
13982,13988
13988,13982
13994,14000
14000,13994
14006,14011
14011,14006
14013,14015
14015,14013
14020,14023
14023,14020
14025,14029
14029,14025
14033,14037
14037,14033
14040,14044
14044,14040
14046,14049
14049,14046
14052,14055
14055,14052
14058,14061
14061,14058
14064,14067
14067,14064
14070,14074
14074,14070
14076,14080
14080,14076
14084,14087
14087,14084
14090,14093
14093,14090
14095,14099
14099,14095
14103,14109
14109,14103
14113,14117
14117,14113
14119,14125
14125,14119
14131,14133
14133,14131
14136,14140
14140,14136
14144,14146
14146,14144
14148,14153
14153,14148
14155,14156
14156,14155
14158,14164
14164,14158
14170,14172
14172,14170
14174,14175
14175,14174
14176,14181
14181,14176
14185,14188
14188,14185
14190,14193
14193,14190
14196,14201
14201,14196
14206,14211
14211,14206
14215,14218
14218,14215
14220,14224
14224,14220
14228,14230
14230,14228
14231,14234
14234,14231
14237,14242
14242,14237
14247,14253
14253,14247
14258,14264
14264,14258
14270,14272
14272,14270
14274,14277
14277,14274
14280,14284
14284,14280
14290,14294
14294,14290
14298,14303
14303,14298
14309,14313
14313,14309
14317,14319
14319,14317
14321,14322
14322,14321
14323,14326
14326,14323
14329,14330
14330,14329
14331,14336
14336,14331
14341,14348
14348,14341
14354,14355
14355,14354
14357,14359
14359,14357
14361,14364
14364,14361
14367,14371
14371,14367
14375,14379
14379,14375
14383,14388
14388,14383
14392,14393
14393,14392
14395,14398
14398,14395
14401,14404
14404,14401
14407,14408
14408,14407
14409,14412
14412,14409
14417,14419
14419,14417
14420,14424
14424,14420
14426,14429
14429,14426
14432,14436
14436,14432
14439,14441
14441,14439
14442,14446
14446,14442
14450,14451
14451,14450
14452,14456
14456,14452
14460,14462
14462,14460
14465,14471
14471,14465
14477,14482
14482,14477
14486,14490
14490,14486
14494,14495
14495,14494
14496,14499
14499,14496
14502,14503
14503,14502
14504,14509
14509,14504
14515,14516
14516,14515
14517,14520
14520,14517
14522,14529
14529,14522
14534,14538
14538,14534
14542,14543
14543,14542
14546,14551
14551,14546
14556,14563
14563,14556
14568,14574
14574,14568
14580,14584
14584,14580
14587,14589
14589,14587
14592,14595
14595,14592
14598,14601
14601,14598
14605,14610
14610,14605
14615,14618
14618,14615
14624,14625
14625,14624
14626,14628
14628,14626
14630,14633
14633,14630
14637,14640
14640,14637
14644,14647
14647,14644
14651,14652
14652,14651
14653,14656
14656,14653
14661,14665
14665,14661
14669,14672
14672,14669
14674,14680
14680,14674
14686,14690
14690,14686
14693,14697
14697,14693
14701,14707
14707,14701
14712,14718
14718,14712
14723,14724
14724,14723
14726,14730
14730,14726
14734,14736
14736,14734
14738,14741
14741,14738
14744,14749
14749,14744
14756,14758
14758,14756
14760,14764
14764,14760
14768,14770
14770,14768
14774,14777
14777,14774
14780,14785
14785,14780
14790,14793
14793,14790
14798,14801
14801,14798
14804,14806
14806,14804
14808,14813
14813,14808
14819,14823
14823,14819
14827,14829
14829,14827
14831,14833
14833,14831
14837,14841
14841,14837
14845,14847
14847,14845
14849,14855
14855,14849
14860,14865
14865,14860
14869,14877
14877,14869
14886,14888
14888,14886
14890,14897
14897,14890
14904,14907
14907,14904
14909,14913
14913,14909
14918,14921
14921,14918
14924,14927
14927,14924
14928,14932
14932,14928
14935,14938
14938,14935
14941,14945
14945,14941
14948,14952
14952,14948
14954,14958
14958,14954
14960,14961
14961,14960
14962,14967
14967,14962
14973,14975
14975,14973
14977,14984
14984,14977
14988,14993
14993,14988
14996,15001
15001,14996
15007,15016
15016,15007
15025,15027
15027,15025
15031,15036
15036,15031
15039,15043
15043,15039
15048,15051
15051,15048
15053,15056
15056,15053
15060,15064
15064,15060
15067,15071
15071,15067
15073,15076
15076,15073
15079,15082
15082,15079
15086,15091
15091,15086
15097,15100
15100,15097
15105,15110
15110,15105
15115,15119
15119,15115
15124,15127
15127,15124
15130,15135
15135,15130
15138,15143
15143,15138
15148,15152
15152,15148
15154,15156
15156,15154
15158,15162
15162,15158
15166,15169
15169,15166
15172,15174
15174,15172
15176,15181
15181,15176
15186,15189
15189,15186
15191,15195
15195,15191
15200,15202
15202,15200
15204,15207
15207,15204
15211,15215
15215,15211
15219,15222
15222,15219
15225,15233
15233,15225
15242,15247
15247,15242
15251,15257
15257,15251
15263,15266
15266,15263
15269,15272
15272,15269
15276,15280
15280,15276
15284,15287
15287,15284
15290,15292
15292,15290
15296,15299
15299,15296
15302,15303
15303,15302
15306,15309
15309,15306
15314,15319
15319,15314
15323,15324
15324,15323
15325,15329
15329,15325
15333,15336
15336,15333
15338,15346
15346,15338
15355,15360
15360,15355
15365,15368
15368,15365
15372,15377
15377,15372
15382,15389
15389,15382
15397,15399
15399,15397
15404,15406
15406,15404
15411,15415
15415,15411
15418,15422
15422,15418
15427,15430
15430,15427
15433,15436
15436,15433
15439,15444
15444,15439
15448,15450
15450,15448
15452,15456
15456,15452
15460,15462
15462,15460
15464,15466
15466,15464
15468,15473
15473,15468
15478,15480
15480,15478
15484,15488
15488,15484
15491,15494
15494,15491
15498,15501
15501,15498
15504,15506
15506,15504
15509,15513
15513,15509
15517,15518
15518,15517
15520,15522
15522,15520
15525,15531
15531,15525
15539,15541
15541,15539
15544,15546
15546,15544
15548,15551
15551,15548
15553,15555
15555,15553
15557,15562
15562,15557
15566,15571
15571,15566
15576,15577
15577,15576
15578,15580
15580,15578
15582,15585
15585,15582
15587,15591
15591,15587
15594,15600
15600,15594
15606,15607
15607,15606
15608,15610
15610,15608
15612,15617
15617,15612
15621,15626
15626,15621
15630,15635
15635,15630
15639,15643
15643,15639
15646,15648
15648,15646
15649,15652
15652,15649
15654,15659
15659,15654
15665,15670
15670,15665
15674,15678
15678,15674
15681,15682
15682,15681
15684,15686
15686,15684
15691,15695
15695,15691
15698,15702
15702,15698
15706,15709
15709,15706
15712,15716
15716,15712
15719,15724
15724,15719
15728,15733
15733,15728
15735,15737
15737,15735
15739,15742
15742,15739
15745,15748
15748,15745
15751,15755
15755,15751
15759,15762
15762,15759
15765,15770
15770,15765
15774,15777
15777,15774
15780,15786
15786,15780
15791,15793
15793,15791
15795,15802
15802,15795
15805,15807
15807,15805
15810,15814
15814,15810
15816,15819
15819,15816
15821,15824
15824,15821
15827,15831
15831,15827
15835,15839
15839,15835
15842,15846
15846,15842
15850,15855
15855,15850
15857,15859
15859,15857
15862,15866
15866,15862
15870,15879
15879,15870
15886,15889
15889,15886
15892,15898
15898,15892
15903,15904
15904,15903
15905,15911
15911,15905
15917,15920
15920,15917
15923,15925
15925,15923
15927,15932
15932,15927
15938,15942
15942,15938
15946,15948
15948,15946
15951,15956
15956,15951
15960,15963
15963,15960
15967,15972
15972,15967
15975,15979
15979,15975
15984,15986
15986,15984
15989,15994
15994,15989
15998,16005
16005,15998
16012,16015
16015,16012
16017,16019
16019,16017
16021,16023
16023,16021
16025,16028
16028,16025
16032,16035
16035,16032
16039,16045
16045,16039
16052,16055
16055,16052
16059,16062
16062,16059
16066,16072
16072,16066
16079,16081
16081,16079
16083,16087
16087,16083
16092,16096
16096,16092
16101,16105
16105,16101
16108,16112
16112,16108
16116,16118
16118,16116
16119,16120
16120,16119
16121,16127
16127,16121
16133,16137
16137,16133
16142,16144
16144,16142
16146,16149
16149,16146
16154,16157
16157,16154
16159,16160
16160,16159
16161,16166
16166,16161
16172,16181
16181,16172
16187,16191
16191,16187
16194,16197
16197,16194
16199,16205
16205,16199
16211,16215
16215,16211
16222,16225
16225,16222
16230,16234
16234,16230
16238,16243
16243,16238
16248,16253
16253,16248
16257,16258
16258,16257
16260,16263
16263,16260
16266,16270
16270,16266
16274,16279
16279,16274
16284,16285
16285,16284
16286,16293
16293,16286
16299,16301
16301,16299
16302,16305
16305,16302
16308,16316
16316,16308
16323,16326
16326,16323
16329,16332
16332,16329
16335,16338
16338,16335
16342,16347
16347,16342
16353,16355
16355,16353
16357,16360
16360,16357
16364,16368
16368,16364
16371,16372
16372,16371
16373,16379
16379,16373
16384,16389
16389,16384
16393,16396
16396,16393
16399,16403
16403,16399
16407,16410
16410,16407
16414,16418
16418,16414
16422,16424
16424,16422
16427,16433
16433,16427
16440,16441
16441,16440
16443,16446
16446,16443
16448,16451
16451,16448
16456,16458
16458,16456
16460,16465
16465,16460
16468,16477
16477,16468
16485,16487
16487,16485
16490,16496
16496,16490
16501,16504
16504,16501
16507,16509
16509,16507
16513,16518
16518,16513
16522,16528
16528,16522
16533,16536
16536,16533
16539,16543
16543,16539
16547,16553
16553,16547
16557,16561
16561,16557
16563,16564
16564,16563
16565,16567
16567,16565
16569,16574
16574,16569
16580,16583
16583,16580
16587,16593
16593,16587
16599,16601
16601,16599
16605,16606
16606,16605
16607,16611
16611,16607
16616,16620
16620,16616
16623,16627
16627,16623
16631,16638
16638,16631
16642,16645
16645,16642
16648,16651
16651,16648
16654,16657
16657,16654
16661,16664
16664,16661
16667,16669
16669,16667
16672,16675
16675,16672
16678,16684
16684,16678
16689,16695
16695,16689
16700,16703
16703,16700
16705,16707
16707,16705
16709,16711
16711,16709
16712,16715
16715,16712
16717,16720
16720,16717
16725,16730
16730,16725
16733,16738
16738,16733
16741,16746
16746,16741
16750,16755
16755,16750
16759,16761
16761,16759
16763,16765
16765,16763
16766,16770
16770,16766
16774,16780
16780,16774
16784,16791
16791,16784
16796,16799
16799,16796
16802,16805
16805,16802
16808,16815
16815,16808
16821,16824
16824,16821
16826,16830
16830,16826
16833,16836
16836,16833
16839,16843
16843,16839
16846,16849
16849,16846
16851,16855
16855,16851
16857,16861
16861,16857
16866,16872
16872,16866
16875,16878
16878,16875
16882,16884
16884,16882
16888,16889
16889,16888
16891,16895
16895,16891
16896,16898
16898,16896
16900,16908
16908,16900
16915,16919
16919,16915
16924,16927
16927,16924
16932,16936
16936,16932
16940,16944
16944,16940
16947,16949
16949,16947
16952,16956
16956,16952
16958,16960
16960,16958
16962,16965
16965,16962
16968,16974
16974,16968
16979,16981
16981,16979
16983,16985
16985,16983
16990,16992
16992,16990
16995,16999
16999,16995
17003,17007
17007,17003
17012,17013
17013,17012
17014,17017
17017,17014
17020,17023
17023,17020
17026,17031
17031,17026
17034,17038
17038,17034
17044,17049
17049,17044
17054,17057
17057,17054
17059,17062
17062,17059
17063,17066
17066,17063
17070,17073
17073,17070
17076,17080
17080,17076
17083,17085
17085,17083
17087,17089
17089,17087
17092,17093
17093,17092
17096,17102
17102,17096
17107,17109
17109,17107
17113,17116
17116,17113
17119,17123
17123,17119
17127,17130
17130,17127
17135,17141
17141,17135
17147,17150
17150,17147
17152,17159
17159,17152
17166,17168
17168,17166
17171,17173
17173,17171
17176,17183
17183,17176
17190,17197
17197,17190
17203,17208
17208,17203
17213,17216
17216,17213
17220,17221
17221,17220
17223,17227
17227,17223
17231,17236
17236,17231
17244,17247
17247,17244
17251,17259
17259,17251
17267,17270
17270,17267
17273,17276
17276,17273
17278,17284
17284,17278
17290,17294
17294,17290
17299,17303
17303,17299
17308,17311
17311,17308
17314,17316
17316,17314
17319,17321
17321,17319
17324,17330
17330,17324
17335,17337
17337,17335
17339,17343
17343,17339
17347,17350
17350,17347
17353,17354
17354,17353
17355,17360
17360,17355
17365,17367
17367,17365
17369,17372
17372,17369
17374,17380
17380,17374
17386,17392
17392,17386
17398,17402
17402,17398
17405,17409
17409,17405
17415,17421
17421,17415
17426,17429
17429,17426
17431,17434
17434,17431
17437,17443
17443,17437
17449,17457
17457,17449
17461,17463
17463,17461
17465,17469
17469,17465
17472,17476
17476,17472
17480,17483
17483,17480
17488,17490
17490,17488
17492,17496
17496,17492
17500,17508
17508,17500
17517,17521
17521,17517
17526,17530
17530,17526
17535,17536
17536,17535
17538,17543
17543,17538
17549,17554
17554,17549
17558,17561
17561,17558
17564,17565
17565,17564
17566,17569
17569,17566
17572,17575
17575,17572
17577,17578
17578,17577
17580,17585
17585,17580
17589,17595
17595,17589
17601,17608
17608,17601
17613,17617
17617,17613
17620,17625
17625,17620
17630,17635
17635,17630
17639,17645
17645,17639
17651,17658
17658,17651
17665,17672
17672,17665
17679,17684
17684,17679
17689,17692
17692,17689
17696,17698
17698,17696
17700,17703
17703,17700
17707,17710
17710,17707
17715,17717
17717,17715
17720,17726
17726,17720
17732,17734
17734,17732
17735,17743
17743,17735
17750,17757
17757,17750
17761,17767
17767,17761
17771,17772
17772,17771
17774,17776
17776,17774
17778,17781
17781,17778
17785,17793
17793,17785
17800,17804
17804,17800
17808,17812
17812,17808
17816,17817
17817,17816
17818,17822
17822,17818
17824,17826
17826,17824
17829,17832
17832,17829
17837,17842
17842,17837
17846,17848
17848,17846
17849,17852
17852,17849
17855,17857
17857,17855
17858,17861
17861,17858
17865,17868
17868,17865
17873,17875
17875,17873
17878,17884
17884,17878
17890,17893
17893,17890
17895,17900
17900,17895
17906,17909
17909,17906
17910,17914
17914,17910
17918,17924
17924,17918
17930,17931
17931,17930
17933,17935
17935,17933
17938,17940
17940,17938
17943,17947
17947,17943
17952,17955
17955,17952
17959,17962
17962,17959
17964,17968
17968,17964
17974,17975
17975,17974
17976,17979
17979,17976
17982,17984
17984,17982
17986,17989
17989,17986
17992,17998
17998,17992
18004,18008
18008,18004
18012,18014
18014,18012
18015,18019
18019,18015
18021,18029
18029,18021
18034,18037
18037,18034
18039,18041
18041,18039
18043,18046
18046,18043
18049,18053
18053,18049
18056,18057
18057,18056
18059,18060
18060,18059
18062,18063
18063,18062
18065,18074
18074,18065
18084,18087
18087,18084
18090,18095
18095,18090
18099,18101
18101,18099
18104,18109
18109,18104
18115,18117
18117,18115
18119,18124
18124,18119
18128,18130
18130,18128
18131,18134
18134,18131
18137,18141
18141,18137
18146,18152
18152,18146
18157,18163
18163,18157
18170,18175
18175,18170
18180,18185
18185,18180
18190,18195
18195,18190
18202,18204
18204,18202
18206,18207
18207,18206
18208,18212
18212,18208
18215,18216
18216,18215
18219,18223
18223,18219
18226,18228
18228,18226
18231,18240
18240,18231
18248,18254
18254,18248
18259,18260
18260,18259
18263,18268
18268,18263
18272,18275
18275,18272
18278,18281
18281,18278
18285,18291
18291,18285
18297,18299
18299,18297
18301,18306
18306,18301
18314,18315
18315,18314
18316,18319
18319,18316
18322,18326
18326,18322
18331,18334
18334,18331
18336,18339
18339,18336
18343,18346
18346,18343
18353,18357
18357,18353
18361,18364
18364,18361
18365,18367
18367,18365
18369,18376
18376,18369
18380,18381
18381,18380
18384,18389
18389,18384
18394,18398
18398,18394
18404,18407
18407,18404
18412,18414
18414,18412
18416,18420
18420,18416
18423,18425
18425,18423
18427,18432
18432,18427
18439,18444
18444,18439
18449,18453
18453,18449
18457,18461
18461,18457
18465,18467
18467,18465
18468,18470
18470,18468
18472,18474
18474,18472
18477,18481
18481,18477
18486,18488
18488,18486
18490,18493
18493,18490
18497,18501
18501,18497
18504,18508
18508,18504
18512,18513
18513,18512
18514,18518
18518,18514
18522,18524
18524,18522
18527,18531
18531,18527
18535,18539
18539,18535
18543,18545
18545,18543
18549,18551
18551,18549
18553,18559
18559,18553
18565,18571
18571,18565
18577,18586
18586,18577
18591,18597
18597,18591
18602,18607
18607,18602
18612,18617
18617,18612
18622,18626
18626,18622
18630,18632
18632,18630
18635,18638
18638,18635
18642,18646
18646,18642
18650,18657
18657,18650
18663,18669
18669,18663
18673,18678
18678,18673
18684,18687
18687,18684
18690,18691
18691,18690
18692,18697
18697,18692
18699,18703
18703,18699
18706,18708
18708,18706
18711,18716
18716,18711
18723,18727
18727,18723
18729,18731
18731,18729
18734,18737
18737,18734
18741,18746
18746,18741
18751,18753
18753,18751
18757,18760
18760,18757
18762,18770
18770,18762
18776,18779
18779,18776
18783,18787
18787,18783
18789,18791
18791,18789
18795,18801
18801,18795
18807,18812
18812,18807
18817,18820
18820,18817
18826,18829
18829,18826
18831,18833
18833,18831
18835,18841
18841,18835
18847,18851
18851,18847
18854,18858
18858,18854
18859,18861
18861,18859
18863,18867
18867,18863
18868,18871
18871,18868
18874,18878
18878,18874
18881,18883
18883,18881
18886,18888
18888,18886
18889,18891
18891,18889
18893,18894
18894,18893
18895,18897
18897,18895
18900,18902
18902,18900
18905,18910
18910,18905
18917,18919
18919,18917
18921,18924
18924,18921
18927,18929
18929,18927
18931,18933
18933,18931
18935,18940
18940,18935
18945,18949
18949,18945
18953,18955
18955,18953
18957,18961
18961,18957
18965,18970
18970,18965
18976,18984
18984,18976
18992,18996
18996,18992
19000,19001
19001,19000
19003,19006
19006,19003
19008,19011
19011,19008
19013,19016
19016,19013
19018,19020
19020,19018
19022,19026
19026,19022
19030,19032
19032,19030
19034,19038
19038,19034
19044,19047
19047,19044
19050,19054
19054,19050
19058,19062
19062,19058
19064,19068
19068,19064
19070,19074
19074,19070
19078,19079
19079,19078
19080,19083
19083,19080
19086,19088
19088,19086
19090,19095
19095,19090
19101,19104
19104,19101
19107,19111
19111,19107
19115,19119
19119,19115
19123,19127
19127,19123
19133,19138
19138,19133
19142,19144
19144,19142
19146,19149
19149,19146
19154,19157
19157,19154
19158,19161
19161,19158
19164,19167
19167,19164
19170,19172
19172,19170
19173,19176
19176,19173
19177,19179
19179,19177
19183,19184
19184,19183
19186,19190
19190,19186
19193,19194
19194,19193
19196,19199
19199,19196
19202,19207
19207,19202
19213,19214
19214,19213
19217,19219
19219,19217
19221,19223
19223,19221
19225,19226
19226,19225
19227,19230
19230,19227
19233,19235
19235,19233
19238,19241
19241,19238
19244,19246
19246,19244
19248,19249
19249,19248
19252,19254
19254,19252
19259,19265
19265,19259
19270,19272
19272,19270
19273,19279
19279,19273
19284,19288
19288,19284
19293,19296
19296,19293
19300,19301
19301,19300
19302,19308
19308,19302
19313,19316
19316,19313
19321,19323
19323,19321
19327,19329
19329,19327
19331,19333
19333,19331
19336,19338
19338,19336
19342,19347
19347,19342
19350,19354
19354,19350
19358,19365
19365,19358
19372,19375
19375,19372
19378,19383
19383,19378
19388,19392
19392,19388
19396,19400
19400,19396
19404,19406
19406,19404
19408,19411
19411,19408
19415,19418
19418,19415
19423,19428
19428,19423
19433,19440
19440,19433
19447,19449
19449,19447
19454,19456
19456,19454
19458,19461
19461,19458
19462,19466
19466,19462
19470,19471
19471,19470
19474,19480
19480,19474
19486,19490
19490,19486
19494,19499
19499,19494
19501,19504
19504,19501
19507,19512
19512,19507
19514,19517
19517,19514
19522,19529
19529,19522
19533,19537
19537,19533
19541,19549
19549,19541
19551,19556
19556,19551
19562,19567
19567,19562
19572,19574
19574,19572
19576,19582
19582,19576
19588,19591
19591,19588
19593,19595
19595,19593
19598,19606
19606,19598
19612,19618
19618,19612
19625,19629
19629,19625
19633,19635
19635,19633
19639,19641
19641,19639
19643,19647
19647,19643
19651,19657
19657,19651
19663,19664
19664,19663
19665,19668
19668,19665
19671,19674
19674,19671
19675,19680
19680,19675
19684,19689
19689,19684
19690,19694
19694,19690
19699,19703
19703,19699
19707,19712
19712,19707
19715,19717
19717,19715
19719,19721
19721,19719
19723,19730
19730,19723
19737,19738
19738,19737
19740,19741
19741,19740
19742,19744
19744,19742
19748,19750
19750,19748
19753,19757
19757,19753
19759,19765
19765,19759
19768,19771
19771,19768
19773,19774
19774,19773
19776,19778
19778,19776
19780,19783
19783,19780
19789,19793
19793,19789
19797,19800
19800,19797
19803,19808
19808,19803
19813,19818
19818,19813
19822,19823
19823,19822
19824,19827
19827,19824
19829,19834
19834,19829
19838,19842
19842,19838
19847,19851
19851,19847
19857,19863
19863,19857
19869,19874
19874,19869
19879,19880
19880,19879
19881,19884
19884,19881
19888,19890
19890,19888
19891,19892
19892,19891
19893,19895
19895,19893
19897,19902
19902,19897
19907,19910
19910,19907
19912,19915
19915,19912
19919,19924
19924,19919
19929,19932
19932,19929
19936,19938
19938,19936
19941,19945
19945,19941
19949,19955
19955,19949
19960,19963
19963,19960
19967,19970
19970,19967
19972,19979
19979,19972
19983,19986
19986,19983
19987,19990
19990,19987
19992,19994
19994,19992
19996,20000
20000,19996
20005,20007
20007,20005
20009,20012
20012,20009
20015,20019
20019,20015
20022,20027
20027,20022
20033,20038
20038,20033
20042,20044
20044,20042
20046,20050
20050,20046
20052,20055
20055,20052
20059,20061
20061,20059
20063,20065
20065,20063
20067,20071
20071,20067
20075,20080
20080,20075
20085,20089
20089,20085
20093,20096
20096,20093
20099,20102
20102,20099
20104,20106
20106,20104
20109,20113
20113,20109
20116,20118
20118,20116
20120,20123
20123,20120
20126,20128
20128,20126
20130,20132
20132,20130
20134,20137
20137,20134
20140,20144
20144,20140
20146,20150
20150,20146
20155,20158
20158,20155
20161,20164
20164,20161
20167,20174
20174,20167
20181,20182
20182,20181
20183,20184
20184,20183
20186,20190
20190,20186
20193,20196
20196,20193
20199,20205
20205,20199
20211,20214
20214,20211
20217,20221
20221,20217
20225,20228
20228,20225
20231,20236
20236,20231
20239,20245
20245,20239
20250,20254
20254,20250
20256,20260
20260,20256
20265,20268
20268,20265
20272,20277
20277,20272
20281,20285
20285,20281
20288,20289
20289,20288
20290,20291
20291,20290
20292,20297
20297,20292
20303,20306
20306,20303
20309,20314
20314,20309
20318,20321
20321,20318
20324,20329
20329,20324
20335,20342
20342,20335
20346,20348
20348,20346
20350,20355
20355,20350
20359,20363
20363,20359
20366,20369
20369,20366
20373,20379
20379,20373
20384,20386
20386,20384
20388,20390
20390,20388
20392,20395
20395,20392
20398,20401
20401,20398
20404,20406
20406,20404
20408,20412
20412,20408
20416,20422
20422,20416
20427,20433
20433,20427
20439,20442
20442,20439
20445,20452
20452,20445
20458,20461
20461,20458
20462,20468
20468,20462
20474,20476
20476,20474
20477,20479
20479,20477
20481,20487
20487,20481
20492,20494
20494,20492
20497,20500
20500,20497
20503,20504
20504,20503
20505,20511
20511,20505
20516,20522
20522,20516
20526,20528
20528,20526
20530,20536
20536,20530
20541,20544
20544,20541
20546,20553
20553,20546
20558,20562
20562,20558
20566,20570
20570,20566
20574,20577
20577,20574
20581,20584
20584,20581
20586,20590
20590,20586
20593,20598
20598,20593
20603,20607
20607,20603
20611,20616
20616,20611
20620,20625
20625,20620
20629,20632
20632,20629
20634,20641
20641,20634
20647,20648
20648,20647
20650,20653
20653,20650
20656,20661
20661,20656
20665,20667
20667,20665
20671,20677
20677,20671
20683,20687
20687,20683
20692,20693
20693,20692
20694,20698
20698,20694
20701,20703
20703,20701
20705,20712
20712,20705
20718,20720
20720,20718
20724,20730
20730,20724
20737,20742
20742,20737
20747,20750
20750,20747
20754,20759
20759,20754
20763,20766
20766,20763
20770,20772
20772,20770
20775,20778
20778,20775
20780,20782
20782,20780
20784,20788
20788,20784
20791,20795
20795,20791
20800,20803
20803,20800
20806,20809
20809,20806
20812,20814
20814,20812
20816,20822
20822,20816
20828,20831
20831,20828
20834,20837
20837,20834
20840,20843
20843,20840
20846,20849
20849,20846
20852,20855
20855,20852
20858,20864
20864,20858
20871,20873
20873,20871
20875,20880
20880,20875
20883,20886
20886,20883
20889,20892
20892,20889
20894,20900
20900,20894
20905,20906
20906,20905
20908,20911
20911,20908
20913,20914
20914,20913
20916,20920
20920,20916
20922,20925
20925,20922
20928,20930
20930,20928
20931,20936
20936,20931
20940,20943
20943,20940
20946,20948
20948,20946
20950,20956
20956,20950
20961,20965
20965,20961
20969,20975
20975,20969
20979,20982
20982,20979
20986,20988
20988,20986
20991,20997
20997,20991
21002,21005
21005,21002
21008,21015
21015,21008
21023,21025
21025,21023
21027,21029
21029,21027
21031,21036
21036,21031
21042,21045
21045,21042
21048,21050
21050,21048
21053,21057
21057,21053
21061,21064
21064,21061
21067,21070
21070,21067
21072,21075
21075,21072
21077,21082
21082,21077
21087,21089
21089,21087
21093,21098
21098,21093
21102,21104
21104,21102
21105,21110
21110,21105
21113,21115
21115,21113
21117,21124
21124,21117
21129,21132
21132,21129
21136,21137
21137,21136
21138,21143
21143,21138
21150,21154
21154,21150
21156,21157
21157,21156
21158,21161
21161,21158
21165,21167
21167,21165
21169,21173
21173,21169
21176,21180
21180,21176
21182,21184
21184,21182
21187,21192
21192,21187
21195,21198
21198,21195
21200,21208
21208,21200
21213,21217
21217,21213
21219,21220
21220,21219
21226,21230
21230,21226
21234,21236
21236,21234
21238,21239
21239,21238
21240,21243
21243,21240
21246,21248
21248,21246
21251,21255
21255,21251
21259,21262
21262,21259
21265,21269
21269,21265
21273,21277
21277,21273
21281,21286
21286,21281
21292,21293
21293,21292
21296,21303
21303,21296
21310,21314
21314,21310
21317,21319
21319,21317
21321,21323
21323,21321
21327,21332
21332,21327
21338,21343
21343,21338
21350,21355
21355,21350
21360,21364
21364,21360
21368,21371
21371,21368
21374,21378
21378,21374
21383,21386
21386,21383
21389,21394
21394,21389
21399,21402
21402,21399
21404,21408
21408,21404
21412,21416
21416,21412
21419,21426
21426,21419
21432,21438
21438,21432
21444,21445
21445,21444
21447,21449
21449,21447
21452,21456
21456,21452
21460,21461
21461,21460
21464,21465
21465,21464
21468,21470
21470,21468
21472,21476
21476,21472
21480,21483
21483,21480
21488,21491
21491,21488
21493,21500
21500,21493
21504,21508
21508,21504
21511,21517
21517,21511
21525,21530
21530,21525
21534,21538
21538,21534
21542,21547
21547,21542
21552,21553
21553,21552
21554,21557
21557,21554
21560,21564
21564,21560
21567,21570
21570,21567
21572,21576
21576,21572
21580,21583
21583,21580
21586,21589
21589,21586
21592,21597
21597,21592
21601,21604
21604,21601
21606,21610
21610,21606
21613,21617
21617,21613
21622,21625
21625,21622
21627,21629
21629,21627
21631,21634
21634,21631
21637,21642
21642,21637
21647,21650
21650,21647
21653,21657
21657,21653
21661,21664
21664,21661
21668,21669
21669,21668
21670,21673
21673,21670
21675,21678
21678,21675
21681,21688
21688,21681
21695,21699
21699,21695
21703,21708
21708,21703
21713,21719
21719,21713
21726,21733
21733,21726
21741,21745
21745,21741
21748,21753
21753,21748
21759,21762
21762,21759
21764,21766
21766,21764
21769,21774
21774,21769
21779,21785
21785,21779
21791,21795
21795,21791
21798,21802
21802,21798
21807,21810
21810,21807
21813,21817
21817,21813
21821,21825
21825,21821
21828,21832
21832,21828
21835,21841
21841,21835
21845,21848
21848,21845
21850,21852
21852,21850
21854,21857
21857,21854
21859,21863
21863,21859
21867,21870
21870,21867
21874,21877
21877,21874
21880,21887
21887,21880
21891,21896
21896,21891
21901,21902
21902,21901
21904,21911
21911,21904
21919,21922
21922,21919
21925,21930
21930,21925
21936,21940
21940,21936
21942,21945
21945,21942
21948,21951
21951,21948
21954,21960
21960,21954
21968,21971
21971,21968
21976,21981
21981,21976
21984,21991
21991,21984
21998,22002
22002,21998
22006,22010
22010,22006
22014,22015
22015,22014
22018,22023
22023,22018
22027,22029
22029,22027
22031,22036
22036,22031
22041,22046
22046,22041
22049,22055
22055,22049
22061,22067
22067,22061
22072,22074
22074,22072
22075,22080
22080,22075
22085,22088
22088,22085
22091,22093
22093,22091
22095,22098
22098,22095
22101,22102
22102,22101
22104,22107
22107,22104
22110,22114
22114,22110
22118,22122
22122,22118
22124,22127
22127,22124
22129,22131
22131,22129
22133,22137
22137,22133
22142,22150
22150,22142
22157,22160
22160,22157
22163,22165
22165,22163
22168,22171
22171,22168
22174,22177
22177,22174
22180,22186
22186,22180
22192,22194
22194,22192
22196,22200
22200,22196
22201,22205
22205,22201
22209,22212
22212,22209
22215,22218
22218,22215
22222,22223
22223,22222
22224,22227
22227,22224
22229,22230
22230,22229
22231,22232
22232,22231
22233,22239
22239,22233
22244,22247
22247,22244
22249,22251
22251,22249
22252,22255
22255,22252
22258,22260
22260,22258
22264,22267
22267,22264
22270,22273
22273,22270
22276,22278
22278,22276
22281,22282
22282,22281
22285,22288
22288,22285
22291,22293
22293,22291
22295,22300
22300,22295
22304,22310
22310,22304
22314,22317
22317,22314
22320,22322
22322,22320
22324,22329
22329,22324
22334,22337
22337,22334
22341,22344
22344,22341
22349,22357
22357,22349
22361,22364
22364,22361
22366,22371
22371,22366
22374,22377
22377,22374
22380,22383
22383,22380
22385,22388
22388,22385
22391,22394
22394,22391
22397,22400
22400,22397
22403,22405
22405,22403
22408,22414
22414,22408
22419,22422
22422,22419
22426,22431
22431,22426
22435,22437
22437,22435
22439,22441
22441,22439
22442,22446
22446,22442
22451,22455
22455,22451
22460,22462
22462,22460
22465,22469
22469,22465
22474,22480
22480,22474
22485,22486
22486,22485
22487,22497
22497,22487
22505,22509
22509,22505
22514,22518
22518,22514
22520,22525
22525,22520
22529,22532
22532,22529
22535,22538
22538,22535
22541,22543
22543,22541
22545,22547
22547,22545
22550,22554
22554,22550
22557,22559
22559,22557
22561,22565
22565,22561
22567,22570
22570,22567
22574,22579
22579,22574
22583,22592
22592,22583
22601,22606
22606,22601
22609,22611
22611,22609
22614,22622
22622,22614
22630,22636
22636,22630
22642,22645
22645,22642
22650,22654
22654,22650
22655,22659
22659,22655
22663,22664
22664,22663
22667,22670
22670,22667
22672,22675
22675,22672
22679,22681
22681,22679
22683,22685
22685,22683
22687,22692
22692,22687
22699,22702
22702,22699
22705,22711
22711,22705
22716,22720
22720,22716
22726,22727
22727,22726
22729,22732
22732,22729
22735,22740
22740,22735
22747,22751
22751,22747
22756,22760
22760,22756
22763,22765
22765,22763
22767,22772
22772,22767
22776,22782
22782,22776
22787,22791
22791,22787
22793,22796
22796,22793
22800,22802
22802,22800
22804,22805
22805,22804
22806,22809
22809,22806
22811,22812
22812,22811
22816,22819
22819,22816
22823,22828
22828,22823
22833,22838
22838,22833
22842,22847
22847,22842
22852,22857
22857,22852
22861,22869
22869,22861
22877,22878
22878,22877
22879,22882
22882,22879
22885,22891
22891,22885
22896,22902
22902,22896
22906,22911
22911,22906
22915,22921
22921,22915
22925,22926
22926,22925
22929,22931
22931,22929
22934,22937
22937,22934
22944,22948
22948,22944
22953,22957
22957,22953
22960,22965
22965,22960
22971,22972
22972,22971
22975,22978
22978,22975
22981,22985
22985,22981
22990,22993
22993,22990
22996,22998
22998,22996
22999,23002
23002,22999
23004,23007
23007,23004
23010,23013
23013,23010
23015,23018
23018,23015
23024,23030
23030,23024
23038,23043
23043,23038
23048,23051
23051,23048
23054,23057
23057,23054
23060,23062
23062,23060
23065,23066
23066,23065
23067,23073
23073,23067
23079,23087
23087,23079
23092,23098
23098,23092
23105,23111
23111,23105
23117,23120
23120,23117
23123,23126
23126,23123
23128,23132
23132,23128
23135,23137
23137,23135
23141,23145
23145,23141
23147,23150
23150,23147
23154,23158
23158,23154
23163,23165
23165,23163
23169,23172
23172,23169
23175,23178
23178,23175
23182,23184
23184,23182
23186,23188
23188,23186
23190,23193
23193,23190
23196,23199
23199,23196
23201,23206
23206,23201
23211,23215
23215,23211
23219,23223
23223,23219
23226,23228
23228,23226
23230,23232
23232,23230
23235,23240
23240,23235
23245,23250
23250,23245
23254,23256
23256,23254
23258,23262
23262,23258
23266,23267
23267,23266
23269,23271
23271,23269
23276,23277
23277,23276
23278,23281
23281,23278
23284,23286
23286,23284
23288,23293
23293,23288
23299,23303
23303,23299
23305,23307
23307,23305
23311,23316
23316,23311
23321,23324
23324,23321
23329,23333
23333,23329
23335,23340
23340,23335
23345,23346
23346,23345
23347,23349
23349,23347
23351,23354
23354,23351
23356,23357
23357,23356
23358,23367
23367,23358
23375,23379
23379,23375
23383,23384
23384,23383
23385,23386
23386,23385
23389,23394
23394,23389
23400,23404
23404,23400
23407,23410
23410,23407
23412,23417
23417,23412
23422,23426
23426,23422
23428,23429
23429,23428
23432,23436
23436,23432
23440,23445
23445,23440
23450,23451
23451,23450
23453,23456
23456,23453
23459,23462
23462,23459
23464,23467
23467,23464
23470,23479
23479,23470
23487,23490
23490,23487
23494,23502
23502,23494
23507,23509
23509,23507
23511,23513
23513,23511
23516,23517
23517,23516
23522,23526
23526,23522
23532,23534
23534,23532
23538,23545
23545,23538
23549,23550
23550,23549
23552,23557
23557,23552
23562,23565
23565,23562
23567,23573
23573,23567
23579,23581
23581,23579
23584,23587
23587,23584
23591,23593
23593,23591
23594,23598
23598,23594
23602,23604
23604,23602
23607,23610
23610,23607
23611,23618
23618,23611
23623,23626
23626,23623
23629,23630
23630,23629
23632,23636
23636,23632
23640,23645
23645,23640
23652,23656
23656,23652
23660,23662
23662,23660
23663,23665
23665,23663
23668,23669
23669,23668
23670,23674
23674,23670
23679,23682
23682,23679
23684,23687
23687,23684
23690,23693
23693,23690
23696,23697
23697,23696
23698,23702
23702,23698
23705,23710
23710,23705
23714,23717
23717,23714
23720,23722
23722,23720
23724,23726
23726,23724
23728,23732
23732,23728
23736,23741
23741,23736
23745,23747
23747,23745
23749,23751
23751,23749
23754,23759
23759,23754
23765,23769
23769,23765
23772,23777
23777,23772
23780,23784
23784,23780
23788,23790
23790,23788
23792,23793
23793,23792
23794,23795
23795,23794
23796,23800
23800,23796
23805,23808
23808,23805
23809,23813
23813,23809
23817,23819
23819,23817
23821,23825
23825,23821
23830,23831
23831,23830
23832,23835
23835,23832
23837,23840
23840,23837
23844,23849
23849,23844
23854,23856
23856,23854
23858,23862
23862,23858
23864,23867
23867,23864
23871,23873
23873,23871
23875,23876
23876,23875
23877,23881
23881,23877
23886,23888
23888,23886
23891,23895
23895,23891
23899,23902
23902,23899
23905,23910
23910,23905
23915,23917
23917,23915
23920,23926
23926,23920
23932,23935
23935,23932
23939,23942
23942,23939
23946,23949
23949,23946
23951,23956
23956,23951
23961,23963
23963,23961
23968,23971
23971,23968
23974,23979
23979,23974
23983,23986
23986,23983
23988,23993
23993,23988
23999,24003
24003,23999
24006,24008
24008,24006
24009,24011
24011,24009
24014,24017
24017,24014
24021,24028
24028,24021
24036,24037
24037,24036
24038,24042
24042,24038
24046,24050
24050,24046
24053,24055
24055,24053
24057,24061
24061,24057
24065,24071
24071,24065
24076,24081
24081,24076
24085,24087
24087,24085
24090,24096
24096,24090
24102,24106
24106,24102
24110,24116
24116,24110
24122,24123
24123,24122
24125,24127
24127,24125
24128,24131
24131,24128
24134,24137
24137,24134
24142,24145
24145,24142
24150,24152
24152,24150
24154,24159
24159,24154
24164,24167
24167,24164
24171,24172
24172,24171
24175,24180
24180,24175
24185,24188
24188,24185
24191,24194
24194,24191
24196,24201
24201,24196
24206,24211
24211,24206
24214,24217
24217,24214
24221,24224
24224,24221
24227,24230
24230,24227
24232,24237
24237,24232
24241,24242
24242,24241
24244,24248
24248,24244
24251,24254
24254,24251
24257,24261
24261,24257
24264,24266
24266,24264
24267,24269
24269,24267
24272,24274
24274,24272
24275,24277
24277,24275
24279,24282
24282,24279
24286,24290
24290,24286
24294,24301
24301,24294
24306,24312
24312,24306
24316,24319
24319,24316
24321,24323
24323,24321
24325,24327
24327,24325
24328,24329
24329,24328
24330,24332
24332,24330
24335,24338
24338,24335
24341,24345
24345,24341
24349,24355
24355,24349
24360,24362
24362,24360
24364,24367
24367,24364
24370,24376
24376,24370
24381,24384
24384,24381
24387,24394
24394,24387
24399,24401
24401,24399
24403,24405
24405,24403
24407,24412
24412,24407
24416,24420
24420,24416
24423,24426
24426,24423
24429,24434
24434,24429
24440,24442
24442,24440
24446,24454
24454,24446
24460,24466
24466,24460
24470,24472
24472,24470
24474,24479
24479,24474
24484,24488
24488,24484
24491,24496
24496,24491
24501,24505
24505,24501
24507,24509
24509,24507
24512,24516
24516,24512
24519,24523
24523,24519
24527,24532
24532,24527
24537,24544
24544,24537
24551,24553
24553,24551
24555,24558
24558,24555
24561,24563
24563,24561
24565,24571
24571,24565
24576,24579
24579,24576
24581,24583
24583,24581
24584,24590
24590,24584
24595,24598
24598,24595
24602,24606
24606,24602
24610,24614
24614,24610
24618,24619
24619,24618
24621,24627
24627,24621
24634,24640
24640,24634
24645,24652
24652,24645
24656,24658
24658,24656
24661,24665
24665,24661
24669,24673
24673,24669
24677,24680
24680,24677
24683,24686
24686,24683
24689,24695
24695,24689
24699,24701
24701,24699
24703,24706
24706,24703
24708,24712
24712,24708
24717,24719
24719,24717
24721,24726
24726,24721
24731,24737
24737,24731
24744,24748
24748,24744
24751,24756
24756,24751
24759,24764
24764,24759
24769,24771
24771,24769
24774,24777
24777,24774
24781,24786
24786,24781
24792,24796
24796,24792
24799,24805
24805,24799
24811,24813
24813,24811
24817,24821
24821,24817
24828,24834
24834,24828
24841,24843
24843,24841
24845,24847
24847,24845
24849,24855
24855,24849
24861,24863
24863,24861
24865,24867
24867,24865
24871,24875
24875,24871
24880,24884
24884,24880
24886,24888
24888,24886
24891,24893
24893,24891
24895,24899
24899,24895
24903,24906
24906,24903
24910,24915
24915,24910
24920,24921
24921,24920
24923,24929
24929,24923
24936,24939
24939,24936
24943,24945
24945,24943
24948,24958
24958,24948
24962,24964
24964,24962
24967,24971
24971,24967
24975,24979
24979,24975
24986,24988
24988,24986
24990,24994
24994,24990
24998,25001
25001,24998
25005,25009
25009,25005
25012,25016
25016,25012
25019,25023
25023,25019
25029,25032
25032,25029
25035,25040
25040,25035
25043,25046
25046,25043
25050,25054
25054,25050
25056,25061
25061,25056
25066,25070
25070,25066
25074,25078
25078,25074
25083,25091
25091,25083
25100,25105
25105,25100
25110,25111
25111,25110
25113,25114
25114,25113
25115,25117
25117,25115
25119,25125
25125,25119
25131,25132
25132,25131
25133,25138
25138,25133
25143,25147
25147,25143
25150,25152
25152,25150
25155,25156
25156,25155
25158,25163
25163,25158
25165,25169
25169,25165
25172,25176
25176,25172
25181,25184
25184,25181
25185,25189
25189,25185
25191,25196
25196,25191
25201,25204
25204,25201
25207,25210
25210,25207
25214,25218
25218,25214
25221,25223
25223,25221
25225,25232
25232,25225
25239,25242
25242,25239
25244,25246
25246,25244
25247,25250
25250,25247
25255,25258
25258,25255
25260,25262
25262,25260
25265,25268
25268,25265
25272,25277
25277,25272
25283,25286
25286,25283
25290,25293
25293,25290
25297,25299
25299,25297
25300,25303
25303,25300
25306,25308
25308,25306
25310,25315
25315,25310
25321,25326
25326,25321
25329,25332
25332,25329
25335,25336
25336,25335
25339,25344
25344,25339
25349,25357
25357,25349
25365,25366
25366,25365
25368,25370
25370,25368
25372,25375
25375,25372
25376,25379
25379,25376
25383,25385
25385,25383
25388,25391
25391,25388
25393,25395
25395,25393
25397,25401
25401,25397
25405,25407
25407,25405
25409,25413
25413,25409
25417,25419
25419,25417
25421,25424
25424,25421
25426,25428
25428,25426
25430,25434
25434,25430
25439,25445
25445,25439
25450,25453
25453,25450
25456,25458
25458,25456
25460,25463
25463,25460
25466,25471
25471,25466
25476,25479
25479,25476
25482,25490
25490,25482
25498,25500
25500,25498
25502,25506
25506,25502
25510,25514
25514,25510
25520,25527
25527,25520
25533,25535
25535,25533
25537,25541
25541,25537
25544,25545
25545,25544
25548,25552
25552,25548
25556,25563
25563,25556
25569,25572
25572,25569
25575,25580
25580,25575
25584,25588
25588,25584
25595,25601
25601,25595
25608,25610
25610,25608
25612,25615
25615,25612
25619,25623
25623,25619
25628,25635
25635,25628
25642,25645
25645,25642
25648,25650
25650,25648
25653,25657
25657,25653
25660,25663
25663,25660
25666,25669
25669,25666
25673,25675
25675,25673
25678,25681
25681,25678
25684,25689
25689,25684
25695,25701
25701,25695
25705,25710
25710,25705
25714,25717
25717,25714
25720,25725
25725,25720
25729,25733
25733,25729
25735,25738
25738,25735
25741,25744
25744,25741
25747,25753
25753,25747
25759,25762
25762,25759
25765,25768
25768,25765
25771,25775
25775,25771
25779,25784
25784,25779
25787,25791
25791,25787
25795,25798
25798,25795
25800,25805
25805,25800
25808,25811
25811,25808
25814,25816
25816,25814
25818,25822
25822,25818
25827,25833
25833,25827
25837,25841
25841,25837
25845,25849
25849,25845
25853,25856
25856,25853
25861,25865
25865,25861
25870,25873
25873,25870
25878,25881
25881,25878
25885,25890
25890,25885
25895,25900
25900,25895
25907,25911
25911,25907
25916,25918
25918,25916
25920,25923
25923,25920
25926,25929
25929,25926
25931,25935
25935,25931
25939,25942
25942,25939
25945,25950
25950,25945
25954,25957
25957,25954
25959,25962
25962,25959
25964,25966
25966,25964
25968,25972
25972,25968
25976,25978
25978,25976
25980,25981
25981,25980
25982,25986
25986,25982
25991,25996
25996,25991
25999,26001
26001,25999
26004,26009
26009,26004
26011,26013
26013,26011
26015,26019
26019,26015
26022,26024
26024,26022
26031,26034
26034,26031
26038,26041
26041,26038
26044,26047
26047,26044
26050,26052
26052,26050
26055,26058
26058,26055
26061,26065
26065,26061
26070,26073
26073,26070
26077,26078
26078,26077
26080,26084
26084,26080
26088,26092
26092,26088
26095,26096
26096,26095
26099,26100
26100,26099
26102,26105
26105,26102
26108,26111
26111,26108
26117,26120
26120,26117
26123,26126
26126,26123
26129,26134
26134,26129
26139,26145
26145,26139
26150,26154
26154,26150
26160,26164
26164,26160
26168,26173
26173,26168
26177,26180
26180,26177
26183,26190
26190,26183
26198,26201
26201,26198
26206,26209
26209,26206
26212,26213
26213,26212
26215,26217
26217,26215
26219,26223
26223,26219
26225,26227
26227,26225
26229,26231
26231,26229
26234,26239
26239,26234
26244,26245
26245,26244
26246,26250
26250,26246
26253,26258
26258,26253
26263,26268
26268,26263
26272,26274
26274,26272
26277,26280
26280,26277
26283,26287
26287,26283
26291,26294
26294,26291
26297,26300
26300,26297
26303,26306
26306,26303
26309,26310
26310,26309
26314,26316
26316,26314
26319,26324
26324,26319
26330,26336
26336,26330
26342,26347
26347,26342
26352,26356
26356,26352
26359,26362
26362,26359
26364,26367
26367,26364
26369,26372
26372,26369
26373,26380
26380,26373
26386,26391
26391,26386
26395,26397
26397,26395
26399,26401
26401,26399
26403,26407
26407,26403
26411,26414
26414,26411
26417,26421
26421,26417
26425,26429
26429,26425
26434,26435
26435,26434
26436,26438
26438,26436
26442,26446
26446,26442
26450,26457
26457,26450
26464,26468
26468,26464
26472,26475
26475,26472
26479,26481
26481,26479
26484,26485
26485,26484
26488,26493
26493,26488
26498,26504
26504,26498
26509,26512
26512,26509
26514,26518
26518,26514
26520,26522
26522,26520
26526,26528
26528,26526
26530,26535
26535,26530
26541,26543
26543,26541
26546,26551
26551,26546
26556,26561
26561,26556
26567,26571
26571,26567
26573,26577
26577,26573
26580,26585
26585,26580
26591,26595
26595,26591
26599,26603
26603,26599
26607,26609
26609,26607
26612,26616
26616,26612
26619,26624
26624,26619
26627,26629
26629,26627
26631,26633
26633,26631
26634,26638
26638,26634
26641,26644
26644,26641
26647,26651
26651,26647
26655,26659
26659,26655
26663,26670
26670,26663
26674,26678
26678,26674
26680,26684
26684,26680
26688,26691
26691,26688
26694,26696
26696,26694
26699,26704
26704,26699
26709,26712
26712,26709
26714,26716
26716,26714
26717,26721
26721,26717
26726,26728
26728,26726
26730,26736
26736,26730
26741,26746
26746,26741
26749,26753
26753,26749
26757,26761
26761,26757
26765,26768
26768,26765
26771,26772
26772,26771
26774,26776
26776,26774
26778,26780
26780,26778
26782,26789
26789,26782
26794,26796
26796,26794
26802,26807
26807,26802
26812,26815
26815,26812
26819,26823
26823,26819
26825,26827
26827,26825
26829,26830
26830,26829
26833,26835
26835,26833
26838,26843
26843,26838
26847,26850
26850,26847
26852,26857
26857,26852
26862,26866
26866,26862
26869,26871
26871,26869
26872,26876
26876,26872
26880,26885
26885,26880
26889,26892
26892,26889
26894,26895
26895,26894
26896,26899
26899,26896
26902,26904
26904,26902
26907,26913
26913,26907
26919,26921
26921,26919
26924,26928
26928,26924
26932,26936
26936,26932
26939,26941
26941,26939
26943,26946
26946,26943
26949,26953
26953,26949
26957,26960
26960,26957
26963,26965
26965,26963
26968,26973
26973,26968
26976,26979
26979,26976
26982,26984
26984,26982
26986,26988
26988,26986
26990,26993
26993,26990
26995,26998
26998,26995
27002,27008
27008,27002
27014,27018
27018,27014
27022,27024
27024,27022
27028,27032
27032,27028
27034,27035
27035,27034
27036,27039
27039,27036
27042,27046
27046,27042
27050,27054
27054,27050
27058,27060
27060,27058
27062,27067
27067,27062
27073,27078
27078,27073
27084,27090
27090,27084
27096,27100
27100,27096
27104,27107
27107,27104
27110,27111
27111,27110
27112,27115
27115,27112
27118,27121
27121,27118
27123,27127
27127,27123
27130,27133
27133,27130
27135,27136
27136,27135
27138,27145
27145,27138
27152,27157
27157,27152
27162,27166
27166,27162
27171,27176
27176,27171
27182,27183
27183,27182
27185,27190
27190,27185
27194,27198
27198,27194
27203,27207
27207,27203
27210,27214
27214,27210
27217,27220
27220,27217
27223,27225
27225,27223
27228,27231
27231,27228
27234,27235
27235,27234
27237,27241
27241,27237
27245,27248
27248,27245
27251,27254
27254,27251
27257,27262
27262,27257
27266,27268
27268,27266
27270,27272
27272,27270
27275,27277
27277,27275
27279,27283
27283,27279
27287,27294
27294,27287
27301,27303
27303,27301
27306,27308
27308,27306
27311,27315
27315,27311
27318,27326
27326,27318
27335,27337
27337,27335
27339,27342
27342,27339
27344,27347
27347,27344
27350,27353
27353,27350
27358,27361
27361,27358
27365,27368
27368,27365
27372,27375
27375,27372
27380,27383
27383,27380
27387,27391
27391,27387
27396,27401
27401,27396
27406,27408
27408,27406
27412,27420
27420,27412
27428,27431
27431,27428
27434,27437
27437,27434
27441,27445
27445,27441
27449,27450
27450,27449
27452,27455
27455,27452
27459,27464
27464,27459
27471,27473
27473,27471
27475,27480
27480,27475
27485,27488
27488,27485
27491,27492
27492,27491
27494,27499
27499,27494
27504,27507
27507,27504
27511,27514
27514,27511
27517,27521
27521,27517
27524,27526
27526,27524
27529,27533
27533,27529
27537,27539
27539,27537
27541,27549
27549,27541
27557,27560
27560,27557
27563,27566
27566,27563
27569,27572
27572,27569
27575,27579
27579,27575
27583,27586
27586,27583
27590,27592
27592,27590
27594,27597
27597,27594
27600,27603
27603,27600
27606,27609
27609,27606
27613,27615
27615,27613
27616,27620
27620,27616
27623,27627
27627,27623
27630,27633
27633,27630
27640,27644
27644,27640
27647,27650
27650,27647
27653,27661
27661,27653
27668,27672
27672,27668
27676,27677
27677,27676
27678,27683
27683,27678
27687,27688
27688,27687
27689,27694
27694,27689
27699,27701
27701,27699
27702,27706
27706,27702
27709,27713
27713,27709
27717,27719
27719,27717
27720,27724
27724,27720
27728,27730
27730,27728
27733,27738
27738,27733
27744,27751
27751,27744
27757,27758
27758,27757
27760,27766
27766,27760
27772,27777
27777,27772
27782,27787
27787,27782
27793,27798
27798,27793
27803,27809
27809,27803
27815,27818
27818,27815
27821,27825
27825,27821
27829,27832
27832,27829
27836,27841
27841,27836
27844,27850
27850,27844
27854,27862
27862,27854
27870,27872
27872,27870
