uncorrupt_phrase_line_num,corrupt_phrase_line_num
1,4
6,9
13,16
22,25
26,29
30,33
34,37
41,44
51,54
58,61
68,71
72,75
76,79
82,85
90,93
98,101
103,106
120,123
127,130
131,134
139,142
150,153
155,158
161,164
168,171
176,179
181,184
185,188
194,197
203,206
207,210
216,219
220,223
225,228
231,234
258,261
264,267
268,271
272,275
287,290
293,296
301,304
308,311
321,324
327,330
339,342
346,349
357,360
362,365
372,375
379,382
383,386
400,403
415,418
420,423
433,436
439,442
464,467
468,471
474,477
483,486
499,502
505,508
521,524
525,528
537,540
541,544
545,548
552,555
572,575
592,595
596,599
601,604
607,610
635,638
648,651
652,655
666,669
672,675
679,682
684,687
689,692
695,698
702,705
707,710
712,715
717,720
721,724
726,729
738,741
744,747
759,762
764,767
771,774
785,788
789,792
793,796
799,802
806,809
810,813
823,826
832,835
843,846
850,853
857,860
866,869
873,876
883,886
892,895
896,899
905,908
915,918
920,923
925,928
929,932
936,939
940,943
946,949
960,963
964,967
987,990
993,996
1004,1007
1035,1038
1042,1045
1055,1058
1065,1068
1077,1080
1084,1087
1098,1101
1102,1105
1116,1119
1123,1126
1137,1140
1141,1144
1148,1151
1155,1158
1161,1164
1172,1175
1176,1179
1180,1183
1187,1190
1203,1206
1209,1212
1228,1231
1234,1237
1241,1244
1251,1254
1260,1263
1264,1267
1271,1274
1275,1278
1279,1282
1284,1287
1292,1295
1296,1299
1301,1304
1312,1315
1316,1319
1320,1323
1326,1329
1338,1341
1343,1346
1351,1354
1356,1359
1361,1364
1365,1368
1370,1373
1377,1380
1392,1395
1402,1405
1409,1412
1413,1416
1422,1425
1427,1430
1437,1440
1442,1445
1446,1449
1453,1456
1457,1460
1465,1468
1469,1472
1475,1478
1488,1491
1492,1495
1497,1500
1503,1506
1515,1518
1520,1523
1526,1529
1531,1534
1537,1540
1547,1550
1551,1554
1557,1560
1571,1574
1575,1578
1580,1583
1590,1593
1600,1603
1604,1607
1611,1614
1615,1618
1619,1622
1624,1627
1629,1632
1633,1636
1637,1640
1644,1647
1648,1651
1653,1656
1657,1660
1663,1666
1667,1670
1672,1675
1677,1680
1683,1686
1689,1692
1696,1699
1703,1706
1710,1713
1716,1719
1721,1724
1726,1729
1731,1734
1737,1740
1745,1748
1750,1753
1755,1758
1765,1768
1770,1773
1774,1777
1781,1784
1789,1792
1795,1798
1799,1802
1809,1812
1814,1817
1818,1821
1824,1827
1837,1840
1842,1845
1856,1859
1863,1866
1867,1870
1883,1886
1894,1897
1899,1902
1911,1914
1915,1918
1921,1924
1925,1928
1937,1940
1956,1959
1966,1969
1973,1976
1978,1981
1988,1991
1995,1998
2005,2008
2009,2012
2015,2018
2021,2024
2028,2031
2034,2037
2041,2044
2048,2051
2061,2064
2065,2068
2071,2074
2075,2078
2087,2090
2094,2097
2105,2108
2125,2128
2132,2135
2136,2139
2154,2157
2159,2162
2163,2166
2168,2171
2172,2175
2180,2183
2184,2187
2188,2191
2199,2202
2204,2207
2213,2216
2223,2226
2229,2232
2235,2238
2240,2243
2244,2247
2253,2256
2264,2267
2269,2272
2273,2276
2282,2285
2289,2292
2293,2296
2308,2311
2312,2315
2316,2319
2326,2329
2331,2334
2341,2344
2349,2352
2353,2356
2357,2360
2361,2364
2394,2397
2401,2404
2413,2416
2422,2425
2431,2434
2440,2443
2447,2450
2452,2455
2464,2467
2468,2471
2480,2483
2484,2487
2492,2495
2498,2501
2502,2505
2519,2522
2525,2528
2532,2535
2536,2539
2541,2544
2546,2549
2556,2559
2566,2569
2573,2576
2578,2581
2583,2586
2588,2591
2592,2595
2600,2603
2633,2636
2641,2644
2655,2658
2663,2666
2668,2671
2674,2677
2678,2681
2684,2687
2692,2695
2703,2706
2707,2710
2712,2715
2719,2722
2723,2726
2733,2736
2738,2741
2747,2750
2771,2774
2775,2778
2782,2785
2786,2789
2795,2798
2800,2803
2807,2810
2815,2818
2820,2823
2832,2835
2850,2853
2861,2864
2865,2868
2874,2877
2879,2882
2886,2889
2899,2902
2905,2908
2910,2913
2915,2918
2920,2923
2925,2928
2931,2934
2939,2942
2953,2956
2973,2976
2981,2984
2988,2991
3000,3003
3004,3007
3009,3012
3016,3019
3021,3024
3051,3054
3056,3059
3064,3067
3068,3071
3078,3081
3084,3087
3088,3091
3093,3096
3102,3105
3107,3110
3116,3119
3123,3126
3133,3136
3142,3145
3147,3150
3153,3156
3157,3160
3172,3175
3176,3179
3180,3183
3188,3191
3192,3195
3203,3206
3207,3210
3220,3223
3233,3236
3237,3240
3247,3250
3251,3254
3255,3258
3259,3262
3267,3270
3272,3275
3288,3291
3294,3297
3298,3301
3302,3305
3311,3314
3316,3319
3324,3327
3338,3341
3344,3347
3355,3358
3364,3367
3369,3372
3373,3376
3380,3383
3384,3387
3403,3406
3407,3410
3411,3414
3418,3421
3425,3428
3429,3432
3434,3437
3441,3444
3448,3451
3456,3459
3461,3464
3466,3469
3471,3474
3487,3490
3493,3496
3502,3505
3506,3509
3512,3515
3518,3521
3523,3526
3534,3537
3538,3541
3543,3546
3552,3555
3565,3568
3569,3572
3581,3584
3587,3590
3602,3605
3606,3609
3618,3621
3626,3629
3630,3633
3638,3641
3642,3645
3653,3656
3657,3660
3662,3665
3678,3681
3683,3686
3690,3693
3696,3699
3701,3704
3705,3708
3712,3715
3722,3725
3730,3733
3734,3737
3747,3750
3754,3757
3758,3761
3764,3767
3774,3777
3784,3787
3790,3793
3798,3801
3802,3805
3807,3810
3834,3837
3838,3841
3842,3845
3858,3861
3862,3865
3870,3873
3877,3880
3883,3886
3889,3892
3906,3909
3911,3914
3921,3924
3926,3929
3935,3938
3940,3943
3951,3954
3964,3967
3969,3972
3975,3978
3982,3985
3986,3989
3990,3993
3996,3999
4002,4005
4008,4011
4015,4018
4020,4023
4027,4030
4032,4035
4042,4045
4049,4052
4053,4056
4059,4062
4066,4069
4087,4090
4092,4095
4107,4110
4112,4115
4118,4121
4127,4130
4138,4141
4145,4148
4149,4152
4155,4158
4164,4167
4177,4180
4181,4184
4187,4190
4193,4196
4199,4202
4203,4206
4207,4210
4211,4214
4217,4220
4225,4228
4229,4232
4241,4244
4248,4251
4261,4264
4266,4269
4278,4281
4286,4289
4290,4293
4294,4297
4299,4302
4303,4306
4308,4311
4316,4319
4320,4323
4325,4328
4332,4335
4343,4346
4348,4351
4363,4366
4367,4370
4375,4378
4380,4383
4392,4395
4398,4401
4407,4410
4440,4443
4451,4454
4456,4459
4460,4463
4466,4469
4471,4474
4477,4480
4483,4486
4488,4491
4494,4497
4518,4521
4524,4527
4543,4546
4547,4550
4554,4557
4568,4571
4575,4578
4581,4584
4586,4589
4592,4595
4604,4607
4617,4620
4621,4624
4627,4630
4631,4634
4653,4656
4659,4662
4669,4672
4677,4680
4690,4693
4698,4701
4703,4706
4718,4721
4722,4725
4730,4733
4734,4737
4740,4743
4751,4754
4755,4758
4767,4770
4774,4777
4783,4786
4787,4790
4791,4794
4799,4802
4809,4812
4818,4821
4824,4827
4839,4842
4849,4852
4856,4859
4863,4866
4874,4877
4904,4907
4909,4912
4918,4921
4922,4925
4940,4943
4945,4948
4954,4957
4972,4975
4977,4980
4982,4985
4986,4989
4993,4996
4999,5002
5003,5006
5008,5011
5028,5031
5032,5035
5037,5040
5041,5044
5048,5051
5053,5056
5060,5063
5067,5070
5071,5074
5076,5079
5086,5089
5092,5095
5105,5108
5110,5113
5120,5123
5130,5133
5136,5139
5140,5143
5149,5152
5154,5157
5162,5165
5166,5169
5171,5174
5175,5178
5191,5194
5195,5198
5199,5202
5206,5209
5215,5218
5220,5223
5226,5229
5232,5235
5241,5244
5245,5248
5250,5253
5254,5257
5259,5262
5264,5267
5298,5301
5302,5305
5307,5310
5312,5315
5325,5328
5332,5335
5339,5342
5349,5352
5353,5356
5359,5362
5365,5368
5370,5373
5376,5379
5380,5383
5387,5390
5391,5394
5398,5401
5406,5409
5410,5413
5414,5417
5420,5423
5425,5428
5442,5445
5446,5449
5460,5463
5480,5483
5490,5493
5495,5498
5503,5506
5519,5522
5528,5531
5536,5539
5542,5545
5554,5557
5558,5561
5562,5565
5577,5580
5585,5588
5589,5592
5597,5600
5601,5604
5606,5609
5613,5616
5618,5621
5623,5626
5631,5634
5641,5644
5648,5651
5652,5655
5657,5660
5664,5667
5689,5692
5693,5696
5698,5701
5709,5712
5713,5716
5724,5727
5731,5734
5737,5740
5755,5758
5762,5765
5768,5771
5773,5776
5778,5781
5782,5785
5786,5789
5790,5793
5794,5797
5799,5802
5804,5807
5811,5814
5838,5841
5842,5845
5846,5849
5850,5853
5854,5857
5861,5864
5874,5877
5883,5886
5901,5904
5905,5908
5909,5912
5919,5922
5947,5950
5953,5956
5959,5962
5964,5967
5969,5972
5973,5976
5987,5990
6001,6004
6005,6008
6010,6013
6015,6018
6020,6023
6025,6028
6032,6035
6049,6052
6054,6057
6061,6064
6065,6068
6080,6083
6087,6090
6091,6094
6099,6102
6110,6113
6115,6118
6124,6127
6128,6131
6133,6136
6156,6159
6160,6163
6184,6187
6189,6192
6194,6197
6203,6206
6213,6216
6219,6222
6226,6229
6232,6235
6246,6249
6257,6260
6263,6266
6269,6272
6279,6282
6289,6292
6293,6296
6297,6300
6301,6304
6305,6308
6326,6329
6331,6334
6362,6365
6367,6370
6375,6378
6385,6388
6390,6393
6395,6398
6400,6403
6408,6411
6415,6418
6420,6423
6431,6434
6435,6438
6449,6452
6454,6457
6460,6463
6465,6468
6470,6473
6475,6478
6481,6484
6487,6490
6491,6494
6496,6499
6500,6503
6505,6508
6516,6519
6520,6523
6524,6527
6529,6532
6538,6541
6542,6545
6546,6549
6551,6554
6555,6558
6559,6562
6565,6568
6571,6574
6578,6581
6595,6598
6601,6604
6611,6614
6618,6621
6623,6626
6644,6647
6651,6654
6658,6661
6662,6665
6666,6669
6671,6674
6683,6686
6688,6691
6710,6713
6714,6717
6719,6722
6726,6729
6732,6735
6740,6743
6745,6748
6749,6752
6754,6757
6766,6769
6772,6775
6777,6780
6782,6785
6788,6791
6794,6797
6799,6802
6808,6811
6812,6815
6816,6819
6823,6826
6841,6844
6851,6854
6855,6858
6868,6871
6873,6876
6885,6888
6890,6893
6902,6905
6906,6909
6913,6916
6918,6921
6935,6938
6942,6945
6946,6949
6950,6953
6954,6957
6975,6978
6983,6986
6989,6992
6994,6997
6998,7001
7007,7010
7012,7015
7030,7033
7041,7044
7046,7049
7072,7075
7080,7083
7088,7091
7093,7096
7099,7102
7103,7106
7107,7110
7111,7114
7116,7119
7124,7127
7129,7132
7137,7140
7144,7147
7149,7152
7156,7159
7164,7167
7169,7172
7174,7177
7181,7184
7186,7189
7190,7193
7194,7197
7201,7204
7209,7212
7218,7221
7231,7234
7235,7238
7252,7255
7256,7259
7265,7268
7285,7288
7289,7292
7298,7301
7303,7306
7308,7311
7315,7318
7327,7330
7331,7334
7336,7339
7341,7344
7347,7350
7356,7359
7360,7363
7364,7367
7369,7372
7385,7388
7389,7392
7394,7397
7398,7401
7403,7406
7415,7418
7419,7422
7426,7429
7439,7442
7443,7446
7447,7450
7457,7460
7463,7466
7468,7471
7483,7486
7487,7490
7493,7496
7507,7510
7517,7520
7523,7526
7528,7531
7563,7566
7567,7570
7571,7574
7579,7582
7584,7587
7590,7593
7604,7607
7611,7614
7618,7621
7624,7627
7629,7632
7635,7638
7640,7643
7653,7656
7657,7660
7661,7664
7671,7674
7675,7678
7694,7697
7698,7701
7702,7705
7707,7710
7718,7721
7725,7728
7729,7732
7734,7737
7745,7748
7754,7757
7760,7763
7781,7784
7785,7788
7789,7792
7794,7797
7798,7801
7803,7806
7826,7829
7833,7836
7846,7849
7853,7856
7859,7862
7864,7867
7875,7878
7881,7884
7888,7891
7894,7897
7902,7905
7909,7912
7915,7918
7926,7929
7933,7936
7939,7942
7946,7949
7951,7954
7957,7960
7968,7971
7972,7975
7988,7991
7992,7995
8014,8017
8030,8033
8056,8059
8069,8072
8073,8076
8077,8080
8081,8084
8086,8089
8093,8096
8104,8107
8108,8111
8121,8124
8125,8128
8140,8143
8153,8156
8163,8166
8172,8175
8177,8180
8185,8188
8189,8192
8198,8201
8205,8208
8209,8212
8214,8217
8221,8224
8227,8230
8233,8236
8250,8253
8254,8257
8258,8261
8265,8268
8271,8274
8296,8299
8301,8304
8307,8310
8313,8316
8320,8323
8325,8328
8336,8339
8341,8344
8346,8349
8352,8355
8358,8361
8362,8365
8366,8369
8372,8375
8378,8381
8383,8386
8388,8391
8394,8397
8402,8405
8409,8412
8421,8424
8425,8428
8430,8433
8435,8438
8441,8444
8449,8452
8453,8456
8457,8460
8463,8466
8481,8484
8487,8490
8494,8497
8498,8501
8510,8513
8516,8519
8522,8525
8528,8531
8533,8536
8541,8544
8545,8548
8559,8562
8569,8572
8580,8583
8587,8590
8596,8599
8606,8609
8610,8613
8618,8621
8626,8629
8632,8635
8638,8641
8646,8649
8652,8655
8667,8670
8675,8678
8682,8685
8688,8691
8693,8696
8698,8701
8703,8706
8707,8710
8715,8718
8723,8726
8732,8735
8739,8742
8745,8748
8756,8759
8762,8765
8769,8772
8776,8779
8784,8787
8788,8791
8792,8795
8796,8799
8806,8809
8811,8814
8816,8819
8837,8840
8842,8845
8852,8855
8860,8863
8864,8867
8868,8871
8874,8877
8886,8889
8907,8910
8912,8915
8917,8920
8923,8926
8935,8938
8940,8943
8945,8948
8958,8961
8963,8966
8969,8972
8979,8982
8983,8986
8992,8995
8997,9000
9009,9012
9013,9016
9020,9023
9024,9027
9046,9049
9053,9056
9061,9064
9065,9068
9078,9081
9084,9087
9091,9094
9095,9098
9099,9102
9116,9119
9130,9133
9134,9137
9144,9147
9155,9158
9160,9163
9168,9171
9174,9177
9182,9185
9188,9191
9193,9196
9200,9203
9218,9221
9223,9226
9228,9231
9232,9235
9237,9240
9243,9246
9251,9254
9258,9261
9270,9273
9275,9278
9282,9285
9287,9290
9302,9305
9306,9309
9310,9313
9315,9318
9320,9323
9327,9330
9333,9336
9339,9342
9344,9347
9349,9352
9353,9356
9357,9360
9362,9365
9368,9371
9372,9375
9379,9382
9384,9387
9405,9408
9409,9412
9416,9419
9428,9431
9433,9436
9439,9442
9443,9446
9448,9451
9473,9476
9477,9480
9481,9484
9487,9490
9492,9495
9497,9500
9502,9505
9514,9517
9518,9521
9525,9528
9542,9545
9547,9550
9558,9561
9562,9565
9570,9573
9577,9580
9583,9586
9590,9593
9597,9600
9605,9608
9616,9619
9623,9626
9631,9634
9638,9641
9643,9646
9649,9652
9653,9656
9657,9660
9662,9665
9666,9669
9671,9674
9686,9689
9690,9693
9696,9699
9703,9706
9707,9710
9712,9715
9717,9720
9729,9732
9733,9736
9737,9740
9743,9746
9748,9751
9756,9759
9760,9763
9765,9768
9771,9774
9786,9789
9790,9793
9796,9799
9802,9805
9810,9813
9814,9817
9830,9833
9835,9838
9843,9846
9856,9859
9865,9868
9870,9873
9887,9890
9891,9894
9895,9898
9900,9903
9918,9921
9934,9937
9945,9948
9950,9953
9954,9957
9958,9961
9972,9975
10004,10007
10021,10024
10025,10028
10029,10032
10034,10037
10041,10044
10048,10051
10056,10059
10063,10066
10070,10073
10078,10081
10085,10088
10098,10101
10103,10106
10107,10110
10112,10115
10119,10122
10125,10128
10135,10138
10141,10144
10166,10169
10170,10173
10182,10185
10192,10195
10223,10226
10230,10233
10238,10241
10242,10245
10247,10250
10252,10255
10257,10260
10264,10267
10272,10275
10276,10279
10280,10283
10287,10290
10291,10294
10300,10303
10323,10326
10328,10331
10333,10336
10337,10340
10353,10356
10357,10360
10362,10365
10366,10369
10373,10376
10378,10381
10383,10386
10387,10390
10398,10401
10402,10405
10410,10413
10416,10419
10426,10429
10434,10437
10438,10441
10442,10445
10446,10449
10464,10467
10468,10471
10475,10478
10479,10482
10488,10491
10501,10504
10507,10510
10513,10516
10518,10521
10538,10541
10542,10545
10546,10549
10551,10554
10559,10562
10563,10566
10567,10570
10578,10581
10583,10586
10611,10614
10618,10621
10623,10626
10639,10642
10643,10646
10653,10656
10660,10663
10674,10677
10679,10682
10684,10687
10697,10700
10703,10706
10708,10711
10713,10716
10726,10729
10730,10733
10734,10737
10738,10741
10744,10747
10749,10752
10753,10756
10757,10760
10762,10765
10771,10774
10775,10778
10779,10782
10783,10786
10787,10790
10793,10796
10805,10808
10810,10813
10815,10818
10830,10833
10835,10838
10850,10853
10855,10858
10864,10867
10868,10871
10888,10891
10892,10895
10896,10899
10904,10907
10909,10912
10914,10917
10919,10922
10923,10926
10928,10931
10933,10936
10938,10941
10943,10946
10950,10953
10957,10960
10962,10965
10976,10979
10991,10994
10997,11000
11025,11028
11031,11034
11037,11040
11061,11064
11065,11068
11074,11077
11078,11081
11089,11092
11095,11098
11099,11102
11105,11108
11110,11113
11114,11117
11118,11121
11126,11129
11130,11133
11138,11141
11143,11146
11147,11150
11156,11159
11160,11163
11167,11170
11177,11180
11190,11193
11194,11197
11200,11203
11208,11211
11219,11222
11223,11226
11231,11234
11236,11239
11247,11250
11254,11257
11261,11264
11284,11287
11288,11291
11295,11298
11300,11303
11304,11307
11308,11311
11313,11316
11317,11320
11323,11326
11332,11335
11336,11339
11340,11343
11344,11347
11348,11351
11353,11356
11364,11367
11369,11372
11374,11377
11378,11381
11388,11391
11397,11400
11401,11404
11405,11408
11409,11412
11415,11418
11420,11423
11425,11428
11430,11433
11440,11443
11445,11448
11449,11452
11454,11457
11468,11471
11473,11476
11494,11497
11498,11501
11504,11507
11509,11512
11517,11520
11535,11538
11543,11546
11547,11550
11569,11572
11584,11587
11588,11591
11592,11595
11598,11601
11604,11607
11611,11614
11617,11620
11625,11628
11631,11634
11636,11639
11655,11658
11663,11666
11667,11670
11671,11674
11675,11678
11692,11695
11698,11701
11727,11730
11733,11736
11742,11745
11746,11749
11752,11755
11759,11762
11764,11767
11768,11771
11776,11779
11784,11787
11791,11794
11797,11800
11802,11805
11808,11811
11833,11836
11846,11849
11851,11854
11856,11859
11862,11865
11875,11878
11885,11888
11891,11894
11905,11908
11912,11915
11920,11923
11927,11930
11952,11955
11970,11973
11977,11980
11982,11985
11988,11991
11999,12002
12004,12007
12035,12038
12040,12043
12045,12048
12051,12054
12057,12060
12064,12067
12071,12074
12076,12079
12085,12088
12092,12095
12100,12103
12106,12109
12112,12115
12120,12123
12124,12127
12128,12131
12136,12139
12141,12144
12149,12152
12154,12157
12179,12182
12184,12187
12198,12201
12206,12209
12211,12214
12215,12218
12220,12223
12224,12227
12228,12231
12236,12239
12240,12243
12244,12247
12249,12252
12253,12256
12258,12261
12272,12275
12295,12298
12300,12303
12311,12314
12316,12319
12325,12328
12329,12332
12333,12336
12337,12340
12341,12344
12346,12349
12359,12362
12364,12367
12374,12377
12379,12382
12396,12399
12400,12403
12406,12409
12410,12413
12416,12419
12422,12425
12429,12432
12448,12451
12452,12455
12458,12461
12463,12466
12467,12470
12480,12483
12494,12497
12498,12501
12502,12505
12512,12515
12516,12519
12520,12523
12524,12527
12528,12531
12536,12539
12546,12549
12550,12553
12565,12568
12570,12573
12577,12580
12587,12590
12592,12595
12612,12615
12616,12619
12621,12624
12625,12628
12632,12635
12637,12640
12643,12646
12648,12651
12656,12659
12665,12668
12679,12682
12685,12688
12697,12700
12717,12720
12721,12724
12730,12733
12734,12737
12740,12743
12747,12750
12753,12756
12764,12767
12768,12771
12772,12775
12782,12785
12790,12793
12794,12797
12808,12811
12821,12824
12826,12829
12834,12837
12839,12842
12844,12847
12848,12851
12852,12855
12858,12861
12866,12869
12874,12877
12881,12884
12886,12889
12890,12893
12897,12900
12901,12904
12905,12908
12909,12912
12913,12916
12917,12920
12924,12927
12930,12933
12936,12939
12942,12945
12948,12951
12952,12955
12957,12960
12963,12966
12968,12971
12974,12977
12979,12982
12988,12991
12996,12999
13001,13004
13005,13008
13010,13013
13019,13022
13023,13026
13031,13034
13038,13041
13051,13054
13055,13058
13061,13064
13075,13078
13080,13083
13087,13090
13091,13094
13095,13098
13101,13104
13113,13116
13123,13126
13128,13131
13133,13136
13137,13140
13142,13145
13158,13161
13169,13172
13185,13188
13189,13192
13193,13196
13201,13204
13209,13212
13213,13216
13220,13223
13224,13227
13228,13231
13232,13235
13241,13244
13246,13249
13263,13266
13269,13272
13281,13284
13285,13288
13292,13295
13302,13305
13313,13316
13322,13325
13331,13334
13335,13338
13339,13342
13345,13348
13352,13355
13356,13359
13370,13373
13374,13377
13379,13382
13383,13386
13394,13397
13399,13402
13407,13410
13413,13416
13417,13420
13421,13424
13429,13432
13434,13437
13441,13444
13449,13452
13457,13460
13466,13469
13472,13475
13476,13479
13480,13483
13484,13487
13491,13494
13495,13498
13502,13505
13507,13510
13512,13515
13516,13519
13533,13536
13538,13541
13543,13546
13548,13551
13554,13557
13561,13564
13573,13576
13598,13601
13602,13605
13608,13611
13612,13615
13630,13633
13638,13641
13659,13662
13674,13677
13678,13681
13694,13697
13698,13701
13707,13710
13713,13716
13720,13723
13726,13729
13730,13733
13736,13739
13751,13754
13757,13760
13768,13771
13772,13775
13776,13779
13795,13798
13799,13802
13810,13813
13814,13817
13821,13824
13835,13838
13839,13842
13849,13852
13854,13857
13868,13871
13874,13877
13896,13899
13900,13903
13919,13922
13924,13927
13935,13938
13940,13943
13948,13951
13955,13958
13959,13962
13982,13985
13988,13991
13994,13997
14000,14003
14006,14009
14015,14018
14025,14028
14029,14032
14033,14036
14040,14043
14070,14073
14076,14079
14080,14083
14095,14098
14099,14102
14103,14106
14109,14112
14113,14116
14119,14122
14125,14128
14136,14139
14140,14143
14148,14151
14158,14161
14164,14167
14176,14179
14181,14184
14196,14199
14201,14204
14206,14209
14211,14214
14220,14223
14224,14227
14237,14240
14242,14245
14247,14250
14253,14256
14258,14261
14264,14267
14280,14283
14284,14287
14290,14293
14294,14297
14298,14301
14303,14306
14309,14312
14313,14316
14331,14334
14336,14339
14341,14344
14348,14351
14367,14370
14371,14374
14375,14378
14379,14382
14383,14386
14388,14391
14412,14415
14420,14423
14432,14435
14442,14445
14446,14449
14452,14455
14456,14459
14465,14468
14471,14474
14477,14480
14482,14485
14486,14489
14490,14493
14504,14507
14509,14512
14522,14525
14529,14532
14534,14537
14538,14541
14546,14549
14551,14554
14556,14559
14563,14566
14568,14571
14574,14577
14580,14583
14601,14604
14605,14608
14610,14613
14618,14621
14633,14636
14640,14643
14647,14650
14656,14659
14661,14664
14665,14668
14674,14677
14680,14683
14686,14689
14693,14696
14697,14700
14701,14704
14707,14710
14712,14715
14718,14721
14726,14729
14730,14733
14744,14747
14749,14752
14760,14763
14764,14767
14770,14773
14780,14783
14785,14788
14793,14796
14808,14811
14813,14816
14819,14822
14823,14826
14833,14836
14837,14840
14841,14844
14849,14852
14855,14858
14860,14863
14865,14868
14869,14872
14877,14880
14890,14893
14897,14900
14909,14912
14913,14916
14928,14931
14941,14944
14948,14951
14954,14957
14962,14965
14967,14970
14977,14980
14984,14987
14988,14991
14996,14999
15001,15004
15007,15010
15016,15019
15027,15030
15031,15034
15039,15042
15043,15046
15056,15059
15060,15063
15067,15070
15082,15085
15086,15089
15091,15094
15100,15103
15105,15108
15110,15113
15115,15118
15119,15122
15130,15133
15138,15141
15143,15146
15148,15151
15158,15161
15162,15165
15176,15179
15181,15184
15191,15194
15195,15198
15207,15210
15211,15214
15215,15218
15225,15228
15233,15236
15242,15245
15247,15250
15251,15254
15257,15260
15272,15275
15276,15279
15280,15283
15292,15295
15309,15312
15314,15317
15319,15322
15325,15328
15329,15332
15338,15341
15346,15349
15355,15358
15360,15363
15368,15371
15372,15375
15377,15380
15382,15385
15389,15392
15399,15402
15406,15409
15411,15414
15418,15421
15422,15425
15439,15442
15444,15447
15452,15455
15456,15459
15468,15471
15473,15476
15480,15483
15484,15487
15494,15497
15509,15512
15513,15516
15525,15528
15531,15534
15557,15560
15562,15565
15566,15569
15571,15574
15587,15590
15594,15597
15600,15603
15612,15615
15617,15620
15621,15624
15626,15629
15630,15633
15635,15638
15639,15642
15654,15657
15659,15662
15665,15668
15670,15673
15674,15677
15686,15689
15691,15694
15698,15701
15702,15705
15712,15715
15719,15722
15724,15727
15728,15731
15751,15754
15755,15758
15765,15768
15770,15773
15780,15783
15786,15789
15795,15798
15810,15813
15827,15830
15831,15834
15835,15838
15842,15845
15846,15849
15850,15853
15862,15865
15866,15869
15870,15873
15879,15882
15892,15895
15898,15901
15905,15908
15911,15914
15927,15930
15932,15935
15938,15941
15942,15945
15951,15954
15956,15959
15963,15966
15967,15970
15975,15978
15979,15982
15989,15992
15994,15997
15998,16001
16005,16008
16028,16031
16035,16038
16039,16042
16045,16048
16055,16058
16062,16065
16066,16069
16072,16075
16083,16086
16087,16090
16092,16095
16096,16099
16101,16104
16108,16111
16112,16115
16121,16124
16127,16130
16133,16136
16137,16140
16149,16152
16161,16164
16166,16169
16172,16175
16181,16184
16187,16190
16199,16202
16205,16208
16211,16214
16215,16218
16225,16228
16230,16233
16234,16237
16238,16241
16243,16246
16248,16251
16253,16256
16266,16269
16270,16273
16274,16277
16279,16282
16286,16289
16293,16296
16308,16311
16316,16319
16338,16341
16342,16345
16347,16350
16360,16363
16364,16367
16373,16376
16379,16382
16384,16387
16389,16392
16399,16402
16403,16406
16410,16413
16414,16417
16418,16421
16427,16430
16433,16436
16451,16454
16460,16463
16468,16471
16477,16480
16490,16493
16496,16499
16509,16512
16513,16516
16518,16521
16522,16525
16528,16531
16539,16542
16543,16546
16547,16550
16553,16556
16557,16560
16569,16572
16574,16577
16583,16586
16587,16590
16593,16596
16601,16604
16607,16610
16611,16614
16616,16619
16623,16626
16627,16630
16631,16634
16638,16641
16657,16660
16678,16681
16684,16687
16689,16692
16695,16698
16720,16723
16725,16728
16733,16736
16741,16744
16746,16749
16750,16753
16755,16758
16766,16769
16770,16773
16774,16777
16780,16783
16784,16787
16791,16794
16808,16811
16815,16818
16826,16829
16839,16842
16851,16854
16857,16860
16861,16864
16866,16869
16878,16881
16884,16887
16891,16894
16900,16903
16908,16911
16915,16918
16919,16922
16927,16930
16932,16935
16936,16939
16940,16943
16952,16955
16968,16971
16974,16977
16985,16988
16995,16998
16999,17002
17003,17006
17007,17010
17026,17029
17034,17037
17038,17041
17044,17047
17049,17052
17066,17069
17076,17079
17096,17099
17102,17105
17109,17112
17119,17122
17123,17126
17130,17133
17135,17138
17141,17144
17152,17155
17159,17162
17176,17179
17183,17186
17190,17193
17197,17200
17203,17206
17208,17211
17216,17219
17223,17226
17227,17230
17231,17234
17236,17239
17247,17250
17251,17254
17259,17262
17278,17281
17284,17287
17290,17293
17294,17297
17299,17302
17303,17306
17324,17327
17330,17333
17339,17342
17343,17346
17355,17358
17360,17363
17374,17377
17380,17383
17386,17389
17392,17395
17398,17401
17405,17408
17409,17412
17415,17418
17421,17424
17437,17440
17443,17446
17449,17452
17457,17460
17465,17468
17472,17475
17476,17479
17483,17486
17492,17495
17496,17499
17500,17503
17508,17511
17517,17520
17521,17524
17526,17529
17530,17533
17538,17541
17543,17546
17549,17552
17554,17557
17580,17583
17585,17588
17589,17592
17595,17598
17601,17604
17608,17611
17613,17616
17620,17623
17625,17628
17630,17633
17635,17638
17639,17642
17645,17648
17651,17654
17658,17661
17665,17668
17672,17675
17679,17682
17684,17687
17692,17695
17703,17706
17710,17713
17720,17723
17726,17729
17735,17738
17743,17746
17750,17753
17757,17760
17761,17764
17767,17770
17781,17784
17785,17788
17793,17796
17800,17803
17804,17807
17808,17811
17812,17815
17818,17821
17832,17835
17837,17840
17842,17845
17861,17864
17868,17871
17878,17881
17884,17887
17895,17898
17900,17903
17910,17913
17914,17917
17918,17921
17924,17927
17943,17946
17947,17950
17955,17958
17964,17967
17968,17971
17992,17995
17998,18001
18004,18007
18008,18011
18015,18018
18021,18024
18029,18032
18049,18052
18065,18068
18074,18077
18090,18093
18095,18098
18104,18107
18109,18112
18119,18122
18124,18127
18137,18140
18141,18144
18146,18149
18152,18155
18157,18160
18163,18166
18170,18173
18175,18178
18180,18183
18185,18188
18190,18193
18195,18198
18208,18211
18219,18222
18231,18234
18240,18243
18248,18251
18254,18257
18263,18266
18268,18271
18281,18284
18285,18288
18291,18294
18301,18304
18306,18309
18322,18325
18326,18329
18339,18342
18346,18349
18353,18356
18357,18360
18369,18372
18376,18379
18384,18387
18389,18392
18394,18397
18398,18401
18407,18410
18416,18419
18427,18430
18432,18435
18439,18442
18444,18447
18449,18452
18453,18456
18457,18460
18461,18464
18477,18480
18481,18484
18493,18496
18497,18500
18504,18507
18508,18511
18514,18517
18518,18521
18527,18530
18531,18534
18535,18538
18539,18542
18545,18548
18553,18556
18559,18562
18565,18568
18571,18574
18577,18580
18586,18589
18591,18594
18597,18600
18602,18605
18607,18610
18612,18615
18617,18620
18622,18625
18626,18629
18638,18641
18642,18645
18646,18649
18650,18653
18657,18660
18663,18666
18669,18672
18673,18676
18678,18681
18692,18695
18699,18702
18711,18714
18716,18719
18723,18726
18737,18740
18741,18744
18746,18749
18753,18756
18762,18765
18770,18773
18779,18782
18783,18786
18791,18794
18795,18798
18801,18804
18807,18810
18812,18815
18820,18823
18835,18838
18841,18844
18847,18850
18854,18857
18863,18866
18874,18877
18905,18908
18910,18913
18935,18938
18940,18943
18945,18948
18949,18952
18957,18960
18961,18964
18965,18968
18970,18973
18976,18979
18984,18987
18992,18995
18996,18999
19022,19025
19026,19029
19034,19037
19038,19041
19050,19053
19054,19057
19058,19061
19064,19067
19070,19073
19074,19077
19090,19093
19095,19098
19107,19110
19111,19114
19115,19118
19119,19122
19123,19126
19127,19130
19133,19136
19138,19141
19149,19152
19179,19182
19186,19189
19202,19205
19207,19210
19254,19257
19259,19262
19265,19268
19273,19276
19279,19282
19284,19287
19288,19291
19296,19299
19302,19305
19308,19311
19316,19319
19323,19326
19338,19341
19342,19345
19350,19353
19354,19357
19358,19361
19365,19368
19378,19381
19383,19386
19388,19391
19392,19395
19396,19399
19400,19403
19411,19414
19418,19421
19423,19426
19428,19431
19433,19436
19440,19443
19449,19452
19462,19465
19466,19469
19474,19477
19480,19483
19486,19489
19490,19493
19494,19497
19507,19510
19517,19520
19522,19525
19529,19532
19533,19536
19537,19540
19541,19544
19551,19554
19556,19559
19562,19565
19567,19570
19576,19579
19582,19585
19598,19601
19606,19609
19612,19615
19618,19621
19625,19628
19629,19632
19635,19638
19643,19646
19647,19650
19651,19654
19657,19660
19675,19678
19680,19683
19684,19687
19690,19693
19694,19697
19699,19702
19703,19706
19707,19710
19723,19726
19730,19733
19744,19747
19753,19756
19759,19762
19783,19786
19789,19792
19793,19796
19803,19806
19808,19811
19813,19816
19818,19821
19829,19832
19834,19837
19838,19841
19842,19845
19847,19850
19851,19854
19857,19860
19863,19866
19869,19872
19874,19877
19884,19887
19897,19900
19902,19905
19915,19918
19919,19922
19924,19927
19932,19935
19941,19944
19945,19948
19949,19952
19955,19958
19963,19966
19972,19975
19979,19982
19996,19999
20000,20003
20015,20018
20022,20025
20027,20030
20033,20036
20038,20041
20046,20049
20055,20058
20067,20070
20071,20074
20075,20078
20080,20083
20085,20088
20089,20092
20109,20112
20140,20143
20146,20149
20150,20153
20167,20170
20174,20177
20186,20189
20199,20202
20205,20208
20217,20220
20221,20224
20231,20234
20239,20242
20245,20248
20250,20253
20256,20259
20260,20263
20268,20271
20272,20275
20277,20280
20281,20284
20292,20295
20297,20300
20309,20312
20314,20317
20324,20327
20329,20332
20335,20338
20342,20345
20350,20353
20355,20358
20359,20362
20369,20372
20373,20376
20379,20382
20408,20411
20412,20415
20416,20419
20422,20425
20427,20430
20433,20436
20445,20448
20452,20455
20462,20465
20468,20471
20481,20484
20487,20490
20505,20508
20511,20514
20516,20519
20522,20525
20530,20533
20536,20539
20546,20549
20553,20556
20558,20561
20562,20565
20566,20569
20570,20573
20577,20580
20586,20589
20593,20596
20598,20601
20603,20606
20607,20610
20611,20614
20616,20619
20620,20623
20625,20628
20634,20637
20641,20644
20656,20659
20661,20664
20667,20670
20671,20674
20677,20680
20683,20686
20687,20690
20694,20697
20705,20708
20712,20715
20720,20723
20724,20727
20730,20733
20737,20740
20742,20745
20750,20753
20754,20757
20759,20762
20766,20769
20784,20787
20791,20794
20795,20798
20816,20819
20822,20825
20858,20861
20864,20867
20875,20878
20894,20897
20900,20903
20916,20919
20931,20934
20936,20939
20950,20953
20956,20959
20961,20964
20965,20968
20969,20972
20975,20978
20982,20985
20991,20994
20997,21000
21008,21011
21015,21018
21031,21034
21036,21039
21053,21056
21057,21060
21077,21080
21082,21085
21089,21092
21093,21096
21098,21101
21105,21108
21117,21120
21124,21127
21132,21135
21138,21141
21143,21146
21150,21153
21161,21164
21169,21172
21176,21179
21187,21190
21200,21203
21208,21211
21213,21216
21220,21223
21226,21229
21230,21233
21251,21254
21255,21258
21265,21268
21269,21272
21273,21276
21277,21280
21281,21284
21286,21289
21296,21299
21303,21306
21310,21313
21323,21326
21327,21330
21332,21335
21338,21341
21343,21346
21350,21353
21355,21358
21360,21363
21364,21367
21374,21377
21378,21381
21389,21392
21394,21397
21404,21407
21408,21411
21412,21415
21419,21422
21426,21429
21432,21435
21438,21441
21452,21455
21456,21459
21472,21475
21476,21479
21483,21486
21493,21496
21500,21503
21504,21507
21511,21514
21517,21520
21525,21528
21530,21533
21534,21537
21538,21541
21542,21545
21547,21550
21560,21563
21572,21575
21576,21579
21592,21595
21597,21600
21606,21609
21613,21616
21617,21620
21637,21640
21642,21645
21653,21656
21657,21660
21664,21667
21681,21684
21688,21691
21695,21698
21699,21702
21703,21706
21708,21711
21713,21716
21719,21722
21726,21729
21733,21736
21741,21744
21748,21751
21753,21756
21769,21772
21774,21777
21779,21782
21785,21788
21791,21794
21798,21801
21802,21805
21813,21816
21817,21820
21821,21824
21828,21831
21835,21838
21841,21844
21859,21862
21863,21866
21870,21873
21880,21883
21887,21890
21891,21894
21896,21899
21904,21907
21911,21914
21925,21928
21930,21933
21936,21939
21954,21957
21960,21963
21971,21974
21976,21979
21984,21987
21991,21994
21998,22001
22002,22005
22006,22009
22010,22013
22018,22021
22023,22026
22031,22034
22036,22039
22041,22044
22049,22052
22055,22058
22061,22064
22067,22070
22075,22078
22080,22083
22110,22113
22114,22117
22118,22121
22133,22136
22137,22140
22142,22145
22150,22153
22180,22183
22186,22189
22196,22199
22201,22204
22205,22208
22218,22221
22233,22236
22239,22242
22260,22263
22295,22298
22300,22303
22304,22307
22310,22313
22324,22327
22329,22332
22337,22340
22344,22347
22349,22352
22357,22360
22366,22369
22408,22411
22414,22417
22422,22425
22426,22429
22431,22434
22442,22445
22446,22449
22451,22454
22455,22458
22465,22468
22469,22472
22474,22477
22480,22483
22487,22490
22497,22500
22505,22508
22509,22512
22514,22517
22520,22523
22525,22528
22550,22553
22561,22564
22570,22573
22574,22577
22579,22582
22583,22586
22592,22595
22601,22604
22614,22617
22622,22625
22630,22633
22636,22639
22645,22648
22650,22653
22655,22658
22659,22662
22675,22678
22687,22690
22692,22695
22705,22708
22711,22714
22716,22719
22720,22723
22735,22738
22740,22743
22747,22750
22751,22754
22756,22759
22767,22770
22772,22775
22776,22779
22782,22785
22787,22790
22796,22799
22812,22815
22819,22822
22823,22826
22828,22831
22833,22836
22838,22841
22842,22845
22847,22850
22852,22855
22857,22860
22861,22864
22869,22872
22885,22888
22891,22894
22896,22899
22902,22905
22906,22909
22911,22914
22915,22918
22921,22924
22937,22940
22944,22947
22948,22951
22953,22956
22960,22963
22965,22968
22981,22984
22985,22988
23018,23021
23024,23027
23030,23033
23038,23041
23043,23046
23067,23070
23073,23076
23079,23082
23087,23090
23092,23095
23098,23101
23105,23108
23111,23114
23128,23131
23137,23140
23141,23144
23150,23153
23154,23157
23158,23161
23165,23168
23178,23181
23201,23204
23206,23209
23211,23214
23215,23218
23219,23222
23235,23238
23240,23243
23245,23248
23250,23253
23258,23261
23262,23265
23271,23274
23288,23291
23293,23296
23299,23302
23307,23310
23311,23314
23316,23319
23324,23327
23329,23332
23335,23338
23340,23343
23358,23361
23367,23370
23375,23378
23379,23382
23389,23392
23394,23397
23400,23403
23412,23415
23417,23420
23422,23425
23432,23435
23436,23439
23440,23443
23445,23448
23470,23473
23479,23482
23490,23493
23494,23497
23502,23505
23517,23520
23522,23525
23526,23529
23534,23537
23538,23541
23545,23548
23552,23555
23557,23560
23567,23570
23573,23576
23587,23590
23594,23597
23598,23601
23611,23614
23618,23621
23632,23635
23636,23639
23640,23643
23645,23648
23652,23655
23656,23659
23670,23673
23674,23677
23698,23701
23705,23708
23710,23713
23728,23731
23732,23735
23736,23739
23741,23744
23754,23757
23759,23762
23765,23768
23772,23775
23780,23783
23784,23787
23796,23799
23800,23803
23809,23812
23813,23816
23821,23824
23825,23828
23840,23843
23844,23847
23849,23852
23858,23861
23867,23870
23877,23880
23881,23884
23891,23894
23895,23898
23905,23908
23910,23913
23920,23923
23926,23929
23935,23938
23942,23945
23951,23954
23956,23959
23963,23966
23974,23977
23979,23982
23988,23991
23993,23996
23999,24002
24017,24020
24021,24024
24028,24031
24038,24041
24042,24045
24046,24049
24057,24060
24061,24064
24065,24068
24071,24074
24076,24079
24081,24084
24090,24093
24096,24099
24102,24105
24106,24109
24110,24113
24116,24119
24137,24140
24145,24148
24154,24157
24159,24162
24167,24170
24175,24178
24180,24183
24196,24199
24201,24204
24206,24209
24217,24220
24232,24235
24237,24240
24244,24247
24257,24260
24282,24285
24286,24289
24290,24293
24294,24297
24301,24304
24306,24309
24312,24315
24341,24344
24345,24348
24349,24352
24355,24358
24370,24373
24376,24379
24387,24390
24394,24397
24407,24410
24412,24415
24416,24419
24429,24432
24434,24437
24442,24445
24446,24449
24454,24457
24460,24463
24466,24469
24474,24477
24479,24482
24484,24487
24491,24494
24496,24499
24501,24504
24512,24515
24519,24522
24523,24526
24527,24530
24532,24535
24537,24540
24544,24547
24565,24568
24571,24574
24584,24587
24590,24593
24598,24601
24602,24605
24606,24609
24610,24613
24614,24617
24621,24624
24627,24630
24634,24637
24640,24643
24645,24648
24652,24655
24661,24664
24665,24668
24669,24672
24673,24676
24689,24692
24695,24698
24708,24711
24712,24715
24721,24724
24726,24729
24731,24734
24737,24740
24744,24747
24751,24754
24759,24762
24764,24767
24777,24780
24781,24784
24786,24789
24792,24795
24799,24802
24805,24808
24813,24816
24817,24820
24821,24824
24828,24831
24834,24837
24849,24852
24855,24858
24867,24870
24871,24874
24875,24878
24880,24883
24895,24898
24899,24902
24906,24909
24910,24913
24915,24918
24923,24926
24929,24932
24939,24942
24948,24951
24958,24961
24967,24970
24971,24974
24975,24978
24979,24982
24990,24993
24994,24997
25001,25004
25005,25008
25012,25015
25019,25022
25023,25026
25035,25038
25046,25049
25050,25053
25056,25059
25061,25064
25066,25069
25070,25073
25074,25077
25078,25081
25083,25086
25091,25094
25100,25103
25105,25108
25119,25122
25125,25128
25133,25136
25138,25141
25143,25146
25158,25161
25165,25168
25172,25175
25176,25179
25185,25188
25191,25194
25196,25199
25210,25213
25214,25217
25225,25228
25232,25235
25250,25253
25268,25271
25272,25275
25277,25280
25286,25289
25293,25296
25310,25313
25315,25318
25321,25324
25339,25342
25344,25347
25349,25352
25357,25360
25379,25382
25397,25400
25401,25404
25409,25412
25413,25416
25430,25433
25434,25437
25439,25442
25445,25448
25466,25469
25471,25474
25482,25485
25490,25493
25502,25505
25506,25509
25510,25513
25514,25517
25520,25523
25527,25530
25537,25540
25548,25551
25552,25555
25556,25559
25563,25566
25575,25578
25580,25583
25584,25587
25588,25591
25595,25598
25601,25604
25615,25618
25619,25622
25623,25626
25628,25631
25635,25638
25653,25656
25669,25672
25684,25687
25689,25692
25695,25698
25701,25704
25705,25708
25710,25713
25720,25723
25725,25728
25729,25732
25747,25750
25753,25756
25771,25774
25775,25778
25779,25782
25787,25790
25791,25794
25800,25803
25818,25821
25822,25825
25827,25830
25833,25836
25837,25840
25841,25844
25845,25848
25849,25852
25856,25859
25861,25864
25865,25868
25873,25876
25881,25884
25885,25888
25890,25893
25895,25898
25900,25903
25907,25910
25911,25914
25931,25934
25935,25938
25945,25948
25950,25953
25968,25971
25972,25975
25982,25985
25986,25989
25991,25994
26004,26007
26015,26018
26024,26027
26034,26037
26061,26064
26065,26068
26073,26076
26080,26083
26084,26087
26088,26091
26111,26114
26129,26132
26134,26137
26139,26142
26145,26148
26150,26153
26154,26157
26160,26163
26164,26167
26168,26171
26173,26176
26183,26186
26190,26193
26201,26204
26219,26222
26234,26237
26239,26242
26246,26249
26253,26256
26258,26261
26263,26266
26268,26271
26283,26286
26287,26290
26310,26313
26319,26322
26324,26327
26330,26333
26336,26339
26342,26345
26347,26350
26352,26355
26373,26376
26380,26383
26386,26389
26391,26394
26403,26406
26407,26410
26417,26420
26421,26424
26425,26428
26429,26432
26438,26441
26442,26445
26446,26449
26450,26453
26457,26460
26464,26467
26468,26471
26475,26478
26488,26491
26493,26496
26498,26501
26504,26507
26514,26517
26522,26525
26530,26533
26535,26538
26546,26549
26551,26554
26556,26559
26561,26564
26567,26570
26573,26576
26580,26583
26585,26588
26591,26594
26595,26598
26599,26602
26603,26606
26612,26615
26619,26622
26634,26637
26647,26650
26651,26654
26655,26658
26659,26662
26663,26666
26670,26673
26674,26677
26680,26683
26684,26687
26699,26702
26704,26707
26717,26720
26721,26724
26730,26733
26736,26739
26741,26744
26749,26752
26753,26756
26757,26760
26761,26764
26782,26785
26789,26792
26796,26799
26802,26805
26807,26810
26815,26818
26819,26822
26838,26841
26843,26846
26852,26855
26857,26860
26862,26865
26872,26875
26876,26879
26880,26883
26885,26888
26907,26910
26913,26916
26924,26927
26928,26931
26932,26935
26949,26952
26953,26956
26968,26971
26998,27001
27002,27005
27008,27011
27014,27017
27018,27021
27024,27027
27028,27031
27042,27045
27046,27049
27050,27053
27054,27057
27062,27065
27067,27070
27073,27076
27078,27081
27084,27087
27090,27093
27096,27099
27100,27103
27123,27126
27138,27141
27145,27148
27152,27155
27157,27160
27162,27165
27166,27169
27171,27174
27176,27179
27185,27188
27190,27193
27194,27197
27198,27201
27203,27206
27210,27213
27237,27240
27241,27244
27257,27260
27262,27265
27279,27282
27283,27286
27287,27290
27294,27297
27311,27314
27318,27321
27326,27329
27353,27356
27361,27364
27368,27371
27375,27378
27383,27386
27387,27390
27391,27394
27396,27399
27401,27404
27408,27411
27412,27415
27420,27423
27437,27440
27441,27444
27445,27448
27455,27458
27459,27462
27464,27467
27475,27478
27480,27483
27494,27497
27499,27502
27507,27510
27517,27520
27529,27532
27533,27536
27541,27544
27549,27552
27575,27578
27579,27582
27586,27589
27609,27612
27616,27619
27623,27626
27633,27636
27640,27643
27653,27656
27661,27664
27668,27671
27672,27675
27678,27681
27683,27686
27689,27692
27694,27697
27702,27705
27709,27712
27713,27716
27720,27723
27724,27727
27733,27736
27738,27741
27744,27747
27751,27754
27760,27763
27766,27769
27772,27775
27777,27780
27782,27785
27787,27790
27793,27796
27798,27801
27803,27806
27809,27812
27821,27824
27825,27828
27832,27835
27836,27839
27844,27847
27850,27853
27854,27857
27862,27865
