uncorrupt_phrase_line_num,corrupt_phrase_line_num
1,2
7,8
16,17
23,24
29,30
32,33
38,39
44,45
50,51
56,57
61,62
65,66
72,73
80,81
86,87
93,94
100,101
107,108
112,113
118,119
122,123
127,128
132,133
138,139
141,142
143,144
147,148
151,152
158,159
161,162
163,164
165,166
171,172
176,177
183,184
191,192
194,195
198,199
202,203
207,208
213,214
221,222
226,227
231,232
234,235
237,238
240,241
244,245
249,250
258,259
263,264
269,270
273,274
276,277
280,281
285,286
289,290
293,294
300,301
306,307
312,313
319,320
321,322
325,326
327,328
333,334
336,337
338,339
341,342
345,346
349,350
353,354
356,357
359,360
363,364
368,369
373,374
383,384
389,390
393,394
397,398
402,403
406,407
409,410
413,414
421,422
428,429
432,433
434,435
441,442
450,451
458,459
463,464
468,469
473,474
476,477
479,480
483,484
487,488
493,494
497,498
501,502
504,505
506,507
510,511
514,515
518,519
527,528
535,536
539,540
542,543
546,547
550,551
557,558
563,564
565,566
568,569
574,575
580,581
584,585
591,592
593,594
595,596
597,598
600,601
606,607
616,617
625,626
632,633
641,642
646,647
651,652
654,655
660,661
664,665
668,669
671,672
674,675
677,678
681,682
686,687
690,691
693,694
698,699
702,703
706,707
708,709
713,714
718,719
720,721
725,726
731,732
737,738
742,743
746,747
752,753
756,757
763,764
768,769
773,774
780,781
787,788
793,794
799,800
803,804
808,809
812,813
820,821
826,827
833,834
840,841
845,846
848,849
850,851
853,854
856,857
860,861
864,865
868,869
870,871
872,873
877,878
880,881
882,883
888,889
892,893
898,899
904,905
909,910
913,914
915,916
917,918
920,921
924,925
935,936
943,944
950,951
959,960
965,966
971,972
977,978
982,983
985,986
994,995
1003,1004
1005,1006
1011,1012
1017,1018
1021,1022
1026,1027
1028,1029
1030,1031
1033,1034
1036,1037
1042,1043
1046,1047
1051,1052
1055,1056
1058,1059
1061,1062
1068,1069
1073,1074
1080,1081
1088,1089
1093,1094
1099,1100
1102,1103
1105,1106
1110,1111
1115,1116
1119,1120
1126,1127
1133,1134
1140,1141
1143,1144
1147,1148
1151,1152
1154,1155
1160,1161
1164,1165
1168,1169
1171,1172
1178,1179
1185,1186
1187,1188
1193,1194
1203,1204
1210,1211
1218,1219
1225,1226
1232,1233
1238,1239
1243,1244
1249,1250
1257,1258
1264,1265
1269,1270
1274,1275
1281,1282
1288,1289
1293,1294
1298,1299
1302,1303
1306,1307
1314,1315
1320,1321
1323,1324
1326,1327
1333,1334
1338,1339
1341,1342
1344,1345
1347,1348
1350,1351
1355,1356
1360,1361
1363,1364
1366,1367
1369,1370
1371,1372
1374,1375
1377,1378
1381,1382
1385,1386
1392,1393
1400,1401
1408,1409
1416,1417
1418,1419
1421,1422
1429,1430
1440,1441
1444,1445
1448,1449
1453,1454
1457,1458
1460,1461
1462,1463
1466,1467
1470,1471
1475,1476
1481,1482
1483,1484
1485,1486
1488,1489
1491,1492
1496,1497
1502,1503
1509,1510
1518,1519
1521,1522
1524,1525
1530,1531
1535,1536
1543,1544
1550,1551
1555,1556
1560,1561
1563,1564
1569,1570
1574,1575
1579,1580
1583,1584
1588,1589
1593,1594
1598,1599
1603,1604
1611,1612
1619,1620
1623,1624
1628,1629
1632,1633
1635,1636
1639,1640
1644,1645
1647,1648
1651,1652
1654,1655
1656,1657
1661,1662
1665,1666
1668,1669
1672,1673
1676,1677
1679,1680
1688,1689
1698,1699
1704,1705
1712,1713
1715,1716
1720,1721
1725,1726
1729,1730
1733,1734
1737,1738
1744,1745
1751,1752
1756,1757
1759,1760
1762,1763
1766,1767
1770,1771
1773,1774
1779,1780
1785,1786
1789,1790
1793,1794
1796,1797
1799,1800
1802,1803
1805,1806
1807,1808
1813,1814
1817,1818
1822,1823
1825,1826
1829,1830
1831,1832
1834,1835
1841,1842
1845,1846
1849,1850
1853,1854
1859,1860
1865,1866
1868,1869
1871,1872
1879,1880
1887,1888
1895,1896
1902,1903
1905,1906
1909,1910
1913,1914
1919,1920
1922,1923
1924,1925
1929,1930
1934,1935
1938,1939
1944,1945
1949,1950
1953,1954
1956,1957
1960,1961
1965,1966
1970,1971
1974,1975
1977,1978
1981,1982
1985,1986
1991,1992
1997,1998
2005,2006
2013,2014
2018,2019
2023,2024
2026,2027
2029,2030
2033,2034
2037,2038
2040,2041
2044,2045
2049,2050
2055,2056
2059,2060
2063,2064
2068,2069
2073,2074
2076,2077
2078,2079
2085,2086
2090,2091
2094,2095
2099,2100
2102,2103
2105,2106
2109,2110
2113,2114
2123,2124
2129,2130
2135,2136
2142,2143
2147,2148
2150,2151
2155,2156
2161,2162
2165,2166
2171,2172
2174,2175
2177,2178
2183,2184
2187,2188
2190,2191
2193,2194
2200,2201
2205,2206
2210,2211
2213,2214
2221,2222
2228,2229
2234,2235
2239,2240
2243,2244
2246,2247
2253,2254
2258,2259
2264,2265
2267,2268
2269,2270
2271,2272
2275,2276
2280,2281
2286,2287
2290,2291
2298,2299
2305,2306
2312,2313
2317,2318
2322,2323
2326,2327
2330,2331
2333,2334
2337,2338
2340,2341
2343,2344
2346,2347
2351,2352
2355,2356
2360,2361
2363,2364
2368,2369
2375,2376
2377,2378
2380,2381
2382,2383
2385,2386
2390,2391
2396,2397
2403,2404
2409,2410
2414,2415
2419,2420
2424,2425
2430,2431
2434,2435
2436,2437
2441,2442
2447,2448
2452,2453
2457,2458
2461,2462
2465,2466
2472,2473
2479,2480
2482,2483
2486,2487
2489,2490
2498,2499
2506,2507
2509,2510
2512,2513
2514,2515
2518,2519
2523,2524
2527,2528
2531,2532
2534,2535
2539,2540
2545,2546
2548,2549
2551,2552
2556,2557
2561,2562
2564,2565
2567,2568
2569,2570
2573,2574
2576,2577
2583,2584
2592,2593
2596,2597
2600,2601
2602,2603
2604,2605
2608,2609
2611,2612
2615,2616
2619,2620
2625,2626
2631,2632
2637,2638
2643,2644
2651,2652
2659,2660
2664,2665
2670,2671
2675,2676
2683,2684
2686,2687
2690,2691
2695,2696
2700,2701
2703,2704
2705,2706
2715,2716
2723,2724
2727,2728
2730,2731
2734,2735
2738,2739
2742,2743
2747,2748
2750,2751
2753,2754
2759,2760
2766,2767
2770,2771
2774,2775
2780,2781
2787,2788
2791,2792
2795,2796
2799,2800
2804,2805
2809,2810
2814,2815
2821,2822
2827,2828
2831,2832
2835,2836
2841,2842
2847,2848
2851,2852
2855,2856
2859,2860
2862,2863
2865,2866
2870,2871
2875,2876
2879,2880
2882,2883
2884,2885
2892,2893
2899,2900
2903,2904
2906,2907
2910,2911
2913,2914
2919,2920
2926,2927
2931,2932
2937,2938
2940,2941
2943,2944
2946,2947
2949,2950
2951,2952
2955,2956
2959,2960
2965,2966
2970,2971
2977,2978
2984,2985
2987,2988
2989,2990
2991,2992
2995,2996
2999,3000
3003,3004
3007,3008
3011,3012
3015,3016
3018,3019
3024,3025
3030,3031
3036,3037
3041,3042
3045,3046
3049,3050
3054,3055
3061,3062
3067,3068
3071,3072
3074,3075
3078,3079
3082,3083
3087,3088
3090,3091
3092,3093
3095,3096
3098,3099
3101,3102
3104,3105
3107,3108
3110,3111
3113,3114
3116,3117
3120,3121
3124,3125
3130,3131
3136,3137
3143,3144
3149,3150
3156,3157
3163,3164
3168,3169
3174,3175
3181,3182
3188,3189
3194,3195
3198,3199
3206,3207
3214,3215
3220,3221
3228,3229
3231,3232
3238,3239
3244,3245
3248,3249
3253,3254
3258,3259
3263,3264
3268,3269
3271,3272
3279,3280
3285,3286
3294,3295
3302,3303
3307,3308
3312,3313
3316,3317
3319,3320
3325,3326
3330,3331
3338,3339
3344,3345
3349,3350
3356,3357
3361,3362
3365,3366
3373,3374
3381,3382
3387,3388
3392,3393
3396,3397
3401,3402
3408,3409
3415,3416
3421,3422
3427,3428
3431,3432
3435,3436
3439,3440
3442,3443
3444,3445
3447,3448
3449,3450
3455,3456
3459,3460
3463,3464
3466,3467
3469,3470
3473,3474
3478,3479
3480,3481
3484,3485
3489,3490
3492,3493
3496,3497
3500,3501
3505,3506
3510,3511
3518,3519
3527,3528
3532,3533
3535,3536
3538,3539
3547,3548
3555,3556
3561,3562
3568,3569
3573,3574
3579,3580
3583,3584
3587,3588
3591,3592
3595,3596
3603,3604
3610,3611
3613,3614
3617,3618
3622,3623
3629,3630
3634,3635
3638,3639
3641,3642
3645,3646
3652,3653
3660,3661
3666,3667
3670,3671
3679,3680
3688,3689
3695,3696
3701,3702
3704,3705
3707,3708
3713,3714
3718,3719
3721,3722
3725,3726
3728,3729
3730,3731
3735,3736
3741,3742
3747,3748
3753,3754
3757,3758
3762,3763
3766,3767
3770,3771
3773,3774
3776,3777
3780,3781
3784,3785
3789,3790
3793,3794
3800,3801
3807,3808
3814,3815
3822,3823
3826,3827
3829,3830
3835,3836
3841,3842
3843,3844
3845,3846
3849,3850
3853,3854
3859,3860
3866,3867
3869,3870
3874,3875
3880,3881
3887,3888
3893,3894
3899,3900
3903,3904
3907,3908
3909,3910
3912,3913
3916,3917
3919,3920
3927,3928
3935,3936
3939,3940
3943,3944
3947,3948
3951,3952
3955,3956
3959,3960
3962,3963
3966,3967
3971,3972
3976,3977
3981,3982
3990,3991
3996,3997
4002,4003
4009,4010
4016,4017
4025,4026
4032,4033
4039,4040
4046,4047
4051,4052
4056,4057
4059,4060
4062,4063
4064,4065
4067,4068
4072,4073
4077,4078
4083,4084
4088,4089
4092,4093
4095,4096
4100,4101
4104,4105
4112,4113
4122,4123
4127,4128
4136,4137
4141,4142
4146,4147
4151,4152
4155,4156
4160,4161
4164,4165
4167,4168
4170,4171
4175,4176
4181,4182
4186,4187
4192,4193
4196,4197
4201,4202
4207,4208
4213,4214
4218,4219
4225,4226
4229,4230
4235,4236
4239,4240
4243,4244
4246,4247
4250,4251
4255,4256
4261,4262
4264,4265
4268,4269
4274,4275
4279,4280
4284,4285
4288,4289
4295,4296
4302,4303
4308,4309
4312,4313
4317,4318
4323,4324
4328,4329
4332,4333
4336,4337
4339,4340
4342,4343
4345,4346
4349,4350
4354,4355
4356,4357
4360,4361
4365,4366
4368,4369
4372,4373
4379,4380
4384,4385
4388,4389
4397,4398
4405,4406
4411,4412
4417,4418
4422,4423
4426,4427
4437,4438
4448,4449
4450,4451
4455,4456
4462,4463
4469,4470
4472,4473
4475,4476
4480,4481
4487,4488
4493,4494
4498,4499
4501,4502
4503,4504
4511,4512
4519,4520
4522,4523
4527,4528
4531,4532
4534,4535
4537,4538
4540,4541
4547,4548
4556,4557
4560,4561
4563,4564
4566,4567
4569,4570
4579,4580
4588,4589
4591,4592
4595,4596
4597,4598
4600,4601
4606,4607
4614,4615
4621,4622
4628,4629
4632,4633
4635,4636
4639,4640
4643,4644
4650,4651
4655,4656
4661,4662
4667,4668
4674,4675
4682,4683
4684,4685
4687,4688
4695,4696
4701,4702
4707,4708
4714,4715
4716,4717
4721,4722
4726,4727
4733,4734
4738,4739
4743,4744
4748,4749
4752,4753
4756,4757
4760,4761
4762,4763
4765,4766
4768,4769
4777,4778
4783,4784
4787,4788
4790,4791
4795,4796
4799,4800
4802,4803
4805,4806
4810,4811
4815,4816
4821,4822
4828,4829
4832,4833
4835,4836
4840,4841
4844,4845
4848,4849
4852,4853
4854,4855
4858,4859
4862,4863
4865,4866
4869,4870
4872,4873
4877,4878
4886,4887
4888,4889
4890,4891
4894,4895
4897,4898
4901,4902
4905,4906
4908,4909
4911,4912
4915,4916
4919,4920
4923,4924
4927,4928
4931,4932
4934,4935
4938,4939
4943,4944
4949,4950
4956,4957
4963,4964
4970,4971
4979,4980
4988,4989
4993,4994
4999,5000
5003,5004
5007,5008
5014,5015
5021,5022
5025,5026
5031,5032
5034,5035
5036,5037
5041,5042
5048,5049
5051,5052
5053,5054
5056,5057
5059,5060
5063,5064
5066,5067
5074,5075
5083,5084
5086,5087
5091,5092
5096,5097
5100,5101
5104,5105
5110,5111
5114,5115
5117,5118
5120,5121
5124,5125
5128,5129
5136,5137
5142,5143
5149,5150
5155,5156
5159,5160
5165,5166
5172,5173
5179,5180
5187,5188
5195,5196
5202,5203
5208,5209
5212,5213
5217,5218
5219,5220
5222,5223
5227,5228
5233,5234
5240,5241
5244,5245
5249,5250
5253,5254
5259,5260
5267,5268
5274,5275
5277,5278
5282,5283
5287,5288
5292,5293
5296,5297
5299,5300
5302,5303
5309,5310
5316,5317
5324,5325
5330,5331
5334,5335
5338,5339
5344,5345
5354,5355
5358,5359
5363,5364
5368,5369
5373,5374
5377,5378
5383,5384
5387,5388
5391,5392
5396,5397
5401,5402
5404,5405
5407,5408
5411,5412
5414,5415
5423,5424
5432,5433
5438,5439
5445,5446
5450,5451
5453,5454
5455,5456
5457,5458
5465,5466
5471,5472
5473,5474
5477,5478
5480,5481
5485,5486
5487,5488
5489,5490
5493,5494
5499,5500
5501,5502
5503,5504
5508,5509
5512,5513
5516,5517
5521,5522
5528,5529
5531,5532
5534,5535
5538,5539
5541,5542
5543,5544
5551,5552
5558,5559
5562,5563
5566,5567
5571,5572
5574,5575
5576,5577
5578,5579
5580,5581
5582,5583
5586,5587
5591,5592
5598,5599
5603,5604
5605,5606
5608,5609
5615,5616
5623,5624
5627,5628
5630,5631
5635,5636
5640,5641
5644,5645
5652,5653
5654,5655
5656,5657
5661,5662
5667,5668
5672,5673
5679,5680
5682,5683
5687,5688
5693,5694
5699,5700
5704,5705
5708,5709
5714,5715
5721,5722
5725,5726
5730,5731
5732,5733
5735,5736
5740,5741
5746,5747
5749,5750
5752,5753
5758,5759
5763,5764
5771,5772
5778,5779
5782,5783
5786,5787
5792,5793
5795,5796
5799,5800
5803,5804
5807,5808
5812,5813
5818,5819
5824,5825
5828,5829
5831,5832
5836,5837
5843,5844
5845,5846
5850,5851
5852,5853
5856,5857
5860,5861
5864,5865
5870,5871
5874,5875
5877,5878
5882,5883
5887,5888
5893,5894
5899,5900
5901,5902
5904,5905
5909,5910
5914,5915
5917,5918
5920,5921
5922,5923
5924,5925
5928,5929
5935,5936
5940,5941
5943,5944
5949,5950
5955,5956
5959,5960
5964,5965
5971,5972
5978,5979
5980,5981
5982,5983
5987,5988
5993,5994
6002,6003
6009,6010
6014,6015
6019,6020
6024,6025
6027,6028
6031,6032
6034,6035
6039,6040
6046,6047
6049,6050
6051,6052
6058,6059
6062,6063
6066,6067
6071,6072
6077,6078
6082,6083
6084,6085
6087,6088
6091,6092
6095,6096
6100,6101
6106,6107
6111,6112
6118,6119
6124,6125
6130,6131
6134,6135
6138,6139
6142,6143
6145,6146
6154,6155
6163,6164
6169,6170
6174,6175
6180,6181
6186,6187
6191,6192
6196,6197
6200,6201
6204,6205
6208,6209
6212,6213
6218,6219
6223,6224
6228,6229
6234,6235
6238,6239
6242,6243
6247,6248
6251,6252
6254,6255
6259,6260
6264,6265
6267,6268
6272,6273
6277,6278
6281,6282
6285,6286
6288,6289
6292,6293
6298,6299
6303,6304
6306,6307
6310,6311
6315,6316
6319,6320
6323,6324
6327,6328
6332,6333
6337,6338
6344,6345
6352,6353
6358,6359
6364,6365
6368,6369
6372,6373
6377,6378
6381,6382
6387,6388
6392,6393
6398,6399
6404,6405
6408,6409
6412,6413
6418,6419
6423,6424
6426,6427
6429,6430
6431,6432
6433,6434
6438,6439
6443,6444
6445,6446
6449,6450
6454,6455
6458,6459
6463,6464
6469,6470
6472,6473
6478,6479
6482,6483
6486,6487
6490,6491
6494,6495
6499,6500
6504,6505
6508,6509
6512,6513
6518,6519
6524,6525
6529,6530
6534,6535
6540,6541
6545,6546
6549,6550
6553,6554
6558,6559
6563,6564
6566,6567
6571,6572
6575,6576
6579,6580
6586,6587
6593,6594
6595,6596
6597,6598
6600,6601
6603,6604
6608,6609
6615,6616
6617,6618
6619,6620
6621,6622
6623,6624
6628,6629
6633,6634
6636,6637
6640,6641
6645,6646
6650,6651
6660,6661
6669,6670
6676,6677
6684,6685
6690,6691
6699,6700
6704,6705
6707,6708
6712,6713
6718,6719
6721,6722
6724,6725
6727,6728
6730,6731
6736,6737
6742,6743
6749,6750
6757,6758
6761,6762
6763,6764
6770,6771
6777,6778
6783,6784
6790,6791
6794,6795
6798,6799
6806,6807
6811,6812
6815,6816
6819,6820
6823,6824
6827,6828
6832,6833
6837,6838
6840,6841
6844,6845
6848,6849
6853,6854
6858,6859
6864,6865
6870,6871
6874,6875
6876,6877
6881,6882
6886,6887
6891,6892
6895,6896
6901,6902
6905,6906
6915,6916
6926,6927
6930,6931
6934,6935
6939,6940
6945,6946
6948,6949
6950,6951
6954,6955
6959,6960
6968,6969
6977,6978
6983,6984
6987,6988
6990,6991
6992,6993
6998,6999
7004,7005
7012,7013
7020,7021
7025,7026
7031,7032
7033,7034
7035,7036
7038,7039
7044,7045
7048,7049
7051,7052
7056,7057
7060,7061
7064,7065
7067,7068
7072,7073
7076,7077
7081,7082
7087,7088
7092,7093
7098,7099
7103,7104
7108,7109
7115,7116
7122,7123
7126,7127
7132,7133
7137,7138
7144,7145
7147,7148
7150,7151
7158,7159
7166,7167
7172,7173
7178,7179
7182,7183
7186,7187
7192,7193
7197,7198
7208,7209
7219,7220
7225,7226
7231,7232
7236,7237
7241,7242
7244,7245
7249,7250
7253,7254
7257,7258
7259,7260
7263,7264
7267,7268
7270,7271
7274,7275
7279,7280
7283,7284
7288,7289
7297,7298
7302,7303
7306,7307
7312,7313
7317,7318
7322,7323
7325,7326
7327,7328
7329,7330
7336,7337
7342,7343
7346,7347
7351,7352
7354,7355
7358,7359
7365,7366
7371,7372
7375,7376
7377,7378
7380,7381
7383,7384
7387,7388
7391,7392
7397,7398
7404,7405
7409,7410
7414,7415
7420,7421
7427,7428
7431,7432
7437,7438
7442,7443
7446,7447
7452,7453
7458,7459
7461,7462
7466,7467
7473,7474
7481,7482
7488,7489
7495,7496
7499,7500
7503,7504
7505,7506
7507,7508
7509,7510
7512,7513
7516,7517
7522,7523
7528,7529
7535,7536
7543,7544
7547,7548
7551,7552
7555,7556
7558,7559
7561,7562
7567,7568
7573,7574
7575,7576
7577,7578
7580,7581
7583,7584
7586,7587
7591,7592
7595,7596
7600,7601
7604,7605
7609,7610
7617,7618
7625,7626
7629,7630
7634,7635
7638,7639
7645,7646
7648,7649
7652,7653
7655,7656
7658,7659
7662,7663
7666,7667
7671,7672
7677,7678
7684,7685
7691,7692
7697,7698
7704,7705
7708,7709
7713,7714
7721,7722
7729,7730
7735,7736
7742,7743
7746,7747
7752,7753
7757,7758
7760,7761
7766,7767
7771,7772
7775,7776
7778,7779
7785,7786
7790,7791
7792,7793
7794,7795
7798,7799
7800,7801
7803,7804
7806,7807
7809,7810
7811,7812
7813,7814
7815,7816
7821,7822
7827,7828
7832,7833
7837,7838
7844,7845
7849,7850
7853,7854
7859,7860
7864,7865
7870,7871
7876,7877
7881,7882
7888,7889
7896,7897
7901,7902
7906,7907
7912,7913
7918,7919
7923,7924
7928,7929
7932,7933
7936,7937
7941,7942
7945,7946
7953,7954
7959,7960
7964,7965
7967,7968
7971,7972
7975,7976
7979,7980
7983,7984
7989,7990
7996,7997
8002,8003
8008,8009
8014,8015
8020,8021
8027,8028
8035,8036
8040,8041
8045,8046
8049,8050
8053,8054
8058,8059
8064,8065
8069,8070
8073,8074
8076,8077
8078,8079
8084,8085
8089,8090
8095,8096
8101,8102
8108,8109
8118,8119
8120,8121
8123,8124
8125,8126
8129,8130
8137,8138
8146,8147
8149,8150
8152,8153
8155,8156
8160,8161
8166,8167
8172,8173
8178,8179
8184,8185
8188,8189
8194,8195
8200,8201
8202,8203
8204,8205
8209,8210
8216,8217
8220,8221
8225,8226
8228,8229
8231,8232
8239,8240
8247,8248
8250,8251
8254,8255
8258,8259
8263,8264
8269,8270
8275,8276
8282,8283
8288,8289
8290,8291
8292,8293
8297,8298
8299,8300
8302,8303
8306,8307
8309,8310
8313,8314
8318,8319
8326,8327
8331,8332
8336,8337
8343,8344
8350,8351
8353,8354
8357,8358
8363,8364
8371,8372
8373,8374
8375,8376
8378,8379
8383,8384
8393,8394
8401,8402
8404,8405
8406,8407
8412,8413
8415,8416
8422,8423
8429,8430
8435,8436
8440,8441
8442,8443
8444,8445
8447,8448
8449,8450
8452,8453
8455,8456
8458,8459
8461,8462
8464,8465
8467,8468
8470,8471
8473,8474
8475,8476
8477,8478
8485,8486
8492,8493
8495,8496
8497,8498
8500,8501
8505,8506
8508,8509
8511,8512
8518,8519
8524,8525
8530,8531
8535,8536
8541,8542
8546,8547
8549,8550
8554,8555
8557,8558
8561,8562
8565,8566
8570,8571
8575,8576
8581,8582
8586,8587
8590,8591
8593,8594
8596,8597
8600,8601
8602,8603
8608,8609
8615,8616
8621,8622
8628,8629
8632,8633
8635,8636
8640,8641
8646,8647
8650,8651
8654,8655
8658,8659
8662,8663
8666,8667
8672,8673
8677,8678
8680,8681
8686,8687
8691,8692
8700,8701
8708,8709
8716,8717
8723,8724
8726,8727
8729,8730
8731,8732
8734,8735
8741,8742
8747,8748
8751,8752
8756,8757
8759,8760
8763,8764
8768,8769
8772,8773
8779,8780
8786,8787
8790,8791
8795,8796
8800,8801
8805,8806
8809,8810
8815,8816
8817,8818
8821,8822
8824,8825
8829,8830
8834,8835
8842,8843
8847,8848
8852,8853
8857,8858
8862,8863
8867,8868
8871,8872
8876,8877
8880,8881
8883,8884
8890,8891
8897,8898
8906,8907
8915,8916
8922,8923
8929,8930
8933,8934
8938,8939
8941,8942
8944,8945
8948,8949
8951,8952
8955,8956
8959,8960
8962,8963
8965,8966
8967,8968
8970,8971
8975,8976
8983,8984
8991,8992
8995,8996
9005,9006
9015,9016
9021,9022
9027,9028
9033,9034
9039,9040
9042,9043
9046,9047
9048,9049
9054,9055
9057,9058
9060,9061
9065,9066
9070,9071
9079,9080
9089,9090
9093,9094
9097,9098
9103,9104
9107,9108
9115,9116
9121,9122
9127,9128
9132,9133
9136,9137
9140,9141
9148,9149
9154,9155
9158,9159
9162,9163
9169,9170
9175,9176
9183,9184
9189,9190
9195,9196
9201,9202
9204,9205
9207,9208
9211,9212
9215,9216
9217,9218
9220,9221
9224,9225
9230,9231
9239,9240
9248,9249
9255,9256
9260,9261
9263,9264
9266,9267
9269,9270
9273,9274
9278,9279
9284,9285
9288,9289
9292,9293
9295,9296
9298,9299
9301,9302
9306,9307
9311,9312
9315,9316
9320,9321
9326,9327
9332,9333
9338,9339
9344,9345
9348,9349
9351,9352
9355,9356
9359,9360
9364,9365
9369,9370
9372,9373
9374,9375
9380,9381
9384,9385
9390,9391
9398,9399
9403,9404
9405,9406
9412,9413
9417,9418
9420,9421
9423,9424
9427,9428
9431,9432
9434,9435
9436,9437
9443,9444
9450,9451
9454,9455
9457,9458
9460,9461
9464,9465
9467,9468
9469,9470
9472,9473
9474,9475
9477,9478
9482,9483
9488,9489
9492,9493
9499,9500
9506,9507
9513,9514
9520,9521
9523,9524
9527,9528
9530,9531
9534,9535
9539,9540
9547,9548
9553,9554
9558,9559
9563,9564
9568,9569
9574,9575
9584,9585
9588,9589
9591,9592
9594,9595
9598,9599
9607,9608
9614,9615
9620,9621
9626,9627
9636,9637
9645,9646
9648,9649
9652,9653
9657,9658
9660,9661
9667,9668
9676,9677
9682,9683
9687,9688
9691,9692
9694,9695
9696,9697
9699,9700
9703,9704
9707,9708
9715,9716
9725,9726
9732,9733
9740,9741
9743,9744
9746,9747
9753,9754
9761,9762
9768,9769
9775,9776
9781,9782
9787,9788
9794,9795
9799,9800
9804,9805
9809,9810
9813,9814
9817,9818
9821,9822
9826,9827
9829,9830
9832,9833
9836,9837
9839,9840
9843,9844
9847,9848
9851,9852
9853,9854
9856,9857
9860,9861
9864,9865
9867,9868
9869,9870
9872,9873
9879,9880
9885,9886
9893,9894
9901,9902
9904,9905
9908,9909
9913,9914
9920,9921
9927,9928
9934,9935
9936,9937
9938,9939
9943,9944
9947,9948
9950,9951
9953,9954
9955,9956
9958,9959
9962,9963
9966,9967
9971,9972
9977,9978
9984,9985
9992,9993
9994,9995
9996,9997
10001,10002
10005,10006
10010,10011
10015,10016
10021,10022
10026,10027
10031,10032
10040,10041
10045,10046
10051,10052
10055,10056
10059,10060
10065,10066
10070,10071
10076,10077
10082,10083
10088,10089
10093,10094
10101,10102
10109,10110
10113,10114
10116,10117
10120,10121
10124,10125
10128,10129
10131,10132
10142,10143
10153,10154
10156,10157
10161,10162
10163,10164
10166,10167
10169,10170
10171,10172
10174,10175
10177,10178
10180,10181
10184,10185
10187,10188
10190,10191
10196,10197
10201,10202
10205,10206
10210,10211
10218,10219
10225,10226
10227,10228
10232,10233
10234,10235
10241,10242
10247,10248
10251,10252
10253,10254
10257,10258
10262,10263
10267,10268
10273,10274
10278,10279
10284,10285
10288,10289
10293,10294
10298,10299
10307,10308
10313,10314
10318,10319
10323,10324
10329,10330
10336,10337
10342,10343
10348,10349
10355,10356
10358,10359
10361,10362
10368,10369
10374,10375
10383,10384
10391,10392
10393,10394
10396,10397
10400,10401
10403,10404
10408,10409
10414,10415
10419,10420
10423,10424
10427,10428
10432,10433
10438,10439
10444,10445
10451,10452
10457,10458
10463,10464
10468,10469
10473,10474
10479,10480
10484,10485
10488,10489
10491,10492
10497,10498
10503,10504
10510,10511
10515,10516
10520,10521
10525,10526
10529,10530
10535,10536
10537,10538
10541,10542
10551,10552
10558,10559
10562,10563
10565,10566
10569,10570
10572,10573
10578,10579
10585,10586
10593,10594
10601,10602
10607,10608
10612,10613
10615,10616
10620,10621
10629,10630
10638,10639
10642,10643
10645,10646
10648,10649
10650,10651
10654,10655
10661,10662
10665,10666
10669,10670
10673,10674
10677,10678
10683,10684
10687,10688
10692,10693
10697,10698
10704,10705
10711,10712
10714,10715
10717,10718
10723,10724
10728,10729
10732,10733
10738,10739
10743,10744
10750,10751
10755,10756
10761,10762
10763,10764
10766,10767
10771,10772
10779,10780
10786,10787
10792,10793
10797,10798
10802,10803
10805,10806
10808,10809
10812,10813
10816,10817
10819,10820
10824,10825
10828,10829
10833,10834
10837,10838
10840,10841
10846,10847
10851,10852
10856,10857
10861,10862
10871,10872
10880,10881
10883,10884
10888,10889
10890,10891
10892,10893
10895,10896
10897,10898
10901,10902
10906,10907
10913,10914
10920,10921
10927,10928
10934,10935
10942,10943
10948,10949
10952,10953
10956,10957
10959,10960
10962,10963
10965,10966
10968,10969
10975,10976
10985,10986
10987,10988
10990,10991
10996,10997
11001,11002
11006,11007
11013,11014
11020,11021
11027,11028
11035,11036
11043,11044
11052,11053
11063,11064
11068,11069
11073,11074
11075,11076
11078,11079
11080,11081
11083,11084
11089,11090
11092,11093
11096,11097
11099,11100
11102,11103
11107,11108
11109,11110
11111,11112
11117,11118
11122,11123
11126,11127
11129,11130
11131,11132
11134,11135
11136,11137
11141,11142
11144,11145
11153,11154
11162,11163
11167,11168
11171,11172
11177,11178
11181,11182
11184,11185
11188,11189
11191,11192
11194,11195
11199,11200
11208,11209
11213,11214
11218,11219
11220,11221
11222,11223
11226,11227
11230,11231
11236,11237
11241,11242
11245,11246
11248,11249
11250,11251
11252,11253
11257,11258
11264,11265
11269,11270
11273,11274
11277,11278
11281,11282
11286,11287
11293,11294
11298,11299
11303,11304
11306,11307
11309,11310
11314,11315
11319,11320
11321,11322
11323,11324
11329,11330
11336,11337
11341,11342
11346,11347
11350,11351
11354,11355
11356,11357
11359,11360
11364,11365
11369,11370
11371,11372
11375,11376
11379,11380
11386,11387
11394,11395
11401,11402
11408,11409
11416,11417
11424,11425
11431,11432
11436,11437
11441,11442
11446,11447
11451,11452
11457,11458
11463,11464
11471,11472
11478,11479
11484,11485
11488,11489
11492,11493
11496,11497
11503,11504
11510,11511
11512,11513
11516,11517
11522,11523
11527,11528
11531,11532
11535,11536
11537,11538
11541,11542
11550,11551
11556,11557
11560,11561
11563,11564
11566,11567
11568,11569
11572,11573
11577,11578
11580,11581
11583,11584
11587,11588
11591,11592
11596,11597
11601,11602
11610,11611
11618,11619
11624,11625
11631,11632
11635,11636
11639,11640
11645,11646
11649,11650
11657,11658
11666,11667
11670,11671
11675,11676
11684,11685
11692,11693
11699,11700
11704,11705
11707,11708
11709,11710
11713,11714
11717,11718
11725,11726
11730,11731
11737,11738
11742,11743
11746,11747
11750,11751
11757,11758
11765,11766
11769,11770
11773,11774
11779,11780
11786,11787
11790,11791
11794,11795
11799,11800
11805,11806
11808,11809
11810,11811
11813,11814
11816,11817
11821,11822
11825,11826
11831,11832
11837,11838
11841,11842
11845,11846
11847,11848
11850,11851
11854,11855
11859,11860
11865,11866
11869,11870
11873,11874
11879,11880
11882,11883
11887,11888
11896,11897
11901,11902
11904,11905
11908,11909
11910,11911
11912,11913
11920,11921
11926,11927
11929,11930
11933,11934
11937,11938
11941,11942
11946,11947
11950,11951
11954,11955
11958,11959
11964,11965
11969,11970
11972,11973
11978,11979
11982,11983
11987,11988
11993,11994
12001,12002
12007,12008
12013,12014
12016,12017
12019,12020
12024,12025
12029,12030
12036,12037
12044,12045
12049,12050
12055,12056
12061,12062
12067,12068
12072,12073
12078,12079
12082,12083
12086,12087
12094,12095
12104,12105
12107,12108
12110,12111
12116,12117
12123,12124
12127,12128
12132,12133
12136,12137
12142,12143
12152,12153
12159,12160
12162,12163
12165,12166
12171,12172
12177,12178
12184,12185
12190,12191
12195,12196
12199,12200
12203,12204
12207,12208
12214,12215
12221,12222
12225,12226
12229,12230
12231,12232
12233,12234
12237,12238
12241,12242
12247,12248
12253,12254
12257,12258
12261,12262
12265,12266
12270,12271
12275,12276
12279,12280
12285,12286
12289,12290
12295,12296
12301,12302
12308,12309
12314,12315
12319,12320
12321,12322
12325,12326
12328,12329
12333,12334
12336,12337
12345,12346
12354,12355
12357,12358
12362,12363
12367,12368
12374,12375
12379,12380
12387,12388
12393,12394
12395,12396
12402,12403
12410,12411
12413,12414
12417,12418
12421,12422
12426,12427
12429,12430
12431,12432
12440,12441
12449,12450
12453,12454
12458,12459
12462,12463
12466,12467
12470,12471
12473,12474
12478,12479
12485,12486
12492,12493
12502,12503
12504,12505
12508,12509
12515,12516
12520,12521
12525,12526
12530,12531
12534,12535
12538,12539
12543,12544
12547,12548
12549,12550
12553,12554
12555,12556
12557,12558
12566,12567
12575,12576
12581,12582
12588,12589
12593,12594
12595,12596
12597,12598
12600,12601
12605,12606
12610,12611
12614,12615
12620,12621
12625,12626
12628,12629
12630,12631
12634,12635
12637,12638
12642,12643
12645,12646
12647,12648
12649,12650
12652,12653
12656,12657
12660,12661
12667,12668
12673,12674
12678,12679
12682,12683
12689,12690
12695,12696
12698,12699
12702,12703
12705,12706
12711,12712
12713,12714
12716,12717
12718,12719
12722,12723
12731,12732
12738,12739
12741,12742
12747,12748
12751,12752
12757,12758
12768,12769
12777,12778
12780,12781
12784,12785
12787,12788
12789,12790
12793,12794
12796,12797
12801,12802
12805,12806
12807,12808
12809,12810
12814,12815
12818,12819
12824,12825
12829,12830
12833,12834
12840,12841
12843,12844
12846,12847
12854,12855
12863,12864
12867,12868
12870,12871
12877,12878
12884,12885
12891,12892
12898,12899
12905,12906
12912,12913
12916,12917
12920,12921
12926,12927
12930,12931
12935,12936
12940,12941
12950,12951
12958,12959
12960,12961
12962,12963
12968,12969
12974,12975
12976,12977
12979,12980
12982,12983
12984,12985
12988,12989
12993,12994
12999,13000
13005,13006
13009,13010
13012,13013
13020,13021
13028,13029
13036,13037
13043,13044
13047,13048
13050,13051
13057,13058
13063,13064
13067,13068
13071,13072
13079,13080
13085,13086
13090,13091
13096,13097
13098,13099
13101,13102
13106,13107
13110,13111
13113,13114
13117,13118
13124,13125
13130,13131
13136,13137
13141,13142
13145,13146
13149,13150
13151,13152
13154,13155
13157,13158
13160,13161
13164,13165
13168,13169
13172,13173
13175,13176
13177,13178
13179,13180
13182,13183
13186,13187
13193,13194
13200,13201
13206,13207
13214,13215
13217,13218
13219,13220
13224,13225
13231,13232
13237,13238
13243,13244
13246,13247
13249,13250
13255,13256
13261,13262
13264,13265
13267,13268
13273,13274
13277,13278
13284,13285
13289,13290
13293,13294
13297,13298
13302,13303
13310,13311
13318,13319
13324,13325
13330,13331
13335,13336
13339,13340
13342,13343
13344,13345
13349,13350
13353,13354
13355,13356
13361,13362
13365,13366
13369,13370
13374,13375
13377,13378
13384,13385
13392,13393
13397,13398
13403,13404
13406,13407
13411,13412
13416,13417
13422,13423
13428,13429
13433,13434
13437,13438
13446,13447
13455,13456
13460,13461
13464,13465
13470,13471
13476,13477
13484,13485
13493,13494
13502,13503
13510,13511
13516,13517
13522,13523
13525,13526
13528,13529
13538,13539
13551,13552
13555,13556
13559,13560
13561,13562
13564,13565
13568,13569
13572,13573
13578,13579
13582,13583
13588,13589
13594,13595
13599,13600
13604,13605
13608,13609
13612,13613
13617,13618
13622,13623
13624,13625
13627,13628
13630,13631
13634,13635
13636,13637
13641,13642
13647,13648
13649,13650
13651,13652
13655,13656
13659,13660
13663,13664
13665,13666
13669,13670
13673,13674
13679,13680
13684,13685
13694,13695
13704,13705
13707,13708
13710,13711
13715,13716
13719,13720
13723,13724
13727,13728
13733,13734
13738,13739
13742,13743
13744,13745
13746,13747
13749,13750
13757,13758
13761,13762
13763,13764
13766,13767
13773,13774
13782,13783
13787,13788
13793,13794
13798,13799
13804,13805
13807,13808
13810,13811
13814,13815
13818,13819
13823,13824
13831,13832
13835,13836
13839,13840
13842,13843
13848,13849
13852,13853
13857,13858
13860,13861
13864,13865
13870,13871
13875,13876
13878,13879
13882,13883
13885,13886
13889,13890
13896,13897
13903,13904
13911,13912
13921,13922
13925,13926
13928,13929
13934,13935
13940,13941
13945,13946
13950,13951
13958,13959
13967,13968
13971,13972
13974,13975
13981,13982
13987,13988
13992,13993
13996,13997
14001,14002
14006,14007
14012,14013
14018,14019
14024,14025
14030,14031
14034,14035
14038,14039
14043,14044
14053,14054
14057,14058
14061,14062
14066,14067
14071,14072
14074,14075
14076,14077
14079,14080
14082,14083
14089,14090
14095,14096
14098,14099
14103,14104
14109,14110
14116,14117
14120,14121
14125,14126
14130,14131
14133,14134
14140,14141
14149,14150
14152,14153
14157,14158
14162,14163
14167,14168
14174,14175
14179,14180
14185,14186
14188,14189
14191,14192
14194,14195
14197,14198
14204,14205
14210,14211
14215,14216
14220,14221
14225,14226
14230,14231
14234,14235
14239,14240
14244,14245
14248,14249
14254,14255
14261,14262
14265,14266
14271,14272
14278,14279
14280,14281
14283,14284
14289,14290
14296,14297
14300,14301
14304,14305
14312,14313
14318,14319
14324,14325
14328,14329
14334,14335
14339,14340
14344,14345
14350,14351
14353,14354
14357,14358
14363,14364
14367,14368
14374,14375
14381,14382
14387,14388
14391,14392
14400,14401
14410,14411
14412,14413
14414,14415
14416,14417
14419,14420
14421,14422
14424,14425
14429,14430
14434,14435
14438,14439
14443,14444
14446,14447
14451,14452
14460,14461
14470,14471
14476,14477
14483,14484
14488,14489
14492,14493
14498,14499
14505,14506
14509,14510
14513,14514
14519,14520
14523,14524
14528,14529
14533,14534
14536,14537
14538,14539
14546,14547
14553,14554
14559,14560
14566,14567
14569,14570
14574,14575
14577,14578
14582,14583
14589,14590
14597,14598
14601,14602
14606,14607
14613,14614
14619,14620
14625,14626
14631,14632
14634,14635
14637,14638
14644,14645
14649,14650
14652,14653
14654,14655
14658,14659
14661,14662
14665,14666
14668,14669
14672,14673
14676,14677
14680,14681
14683,14684
14686,14687
14691,14692
14696,14697
14698,14699
14700,14701
14703,14704
14708,14709
14713,14714
14717,14718
14721,14722
14725,14726
14729,14730
14733,14734
14740,14741
14745,14746
14748,14749
14750,14751
14757,14758
14762,14763
14766,14767
14768,14769
14770,14771
14773,14774
14777,14778
14783,14784
14786,14787
14789,14790
14792,14793
14797,14798
14805,14806
14817,14818
14822,14823
14828,14829
14835,14836
14839,14840
14845,14846
14852,14853
14858,14859
14864,14865
14867,14868
14872,14873
14875,14876
14884,14885
14890,14891
14894,14895
14900,14901
14906,14907
14912,14913
14920,14921
14926,14927
14932,14933
14936,14937
14940,14941
14943,14944
14948,14949
14954,14955
14960,14961
14964,14965
14968,14969
14973,14974
14977,14978
14988,14989
14994,14995
14999,15000
15005,15006
15008,15009
15012,15013
15018,15019
15021,15022
15028,15029
15036,15037
15039,15040
15042,15043
15046,15047
15052,15053
15058,15059
15067,15068
15069,15070
15071,15072
15076,15077
15081,15082
15087,15088
15092,15093
15096,15097
15100,15101
15103,15104
15110,15111
15116,15117
15121,15122
15126,15127
15130,15131
15134,15135
15139,15140
15143,15144
15150,15151
15155,15156
15158,15159
15160,15161
15167,15168
15173,15174
15181,15182
15190,15191
15195,15196
15200,15201
15204,15205
15207,15208
15210,15211
15215,15216
15219,15220
15224,15225
15228,15229
15233,15234
15238,15239
15242,15243
15247,15248
15250,15251
15254,15255
15258,15259
15262,15263
15268,15269
15272,15273
15275,15276
15279,15280
15282,15283
15284,15285
15290,15291
15295,15296
15301,15302
15308,15309
15317,15318
15327,15328
15335,15336
15343,15344
15346,15347
15349,15350
15353,15354
15358,15359
15362,15363
15367,15368
15374,15375
15379,15380
15382,15383
15386,15387
15393,15394
15399,15400
15404,15405
15409,15410
15414,15415
15419,15420
15424,15425
15429,15430
15432,15433
15437,15438
15441,15442
15445,15446
15450,15451
15455,15456
15458,15459
15462,15463
15464,15465
15467,15468
15471,15472
15475,15476
15478,15479
15481,15482
15487,15488
15493,15494
15501,15502
15511,15512
15518,15519
15523,15524
15529,15530
15535,15536
15540,15541
15545,15546
15547,15548
15549,15550
15554,15555
15558,15559
15560,15561
15562,15563
15567,15568
15573,15574
15577,15578
15580,15581
15586,15587
15593,15594
15595,15596
15597,15598
15601,15602
15606,15607
15612,15613
15618,15619
15625,15626
15632,15633
15636,15637
15641,15642
15645,15646
15649,15650
15653,15654
15657,15658
15660,15661
15664,15665
15671,15672
15678,15679
15683,15684
15690,15691
15695,15696
15700,15701
15704,15705
15708,15709
15712,15713
15715,15716
15718,15719
15721,15722
15729,15730
15735,15736
15741,15742
15748,15749
15754,15755
15758,15759
15760,15761
15763,15764
15767,15768
15771,15772
15776,15777
15781,15782
15785,15786
15790,15791
15796,15797
15802,15803
15806,15807
15810,15811
15813,15814
15816,15817
15822,15823
15829,15830
15834,15835
15839,15840
15843,15844
15847,15848
15854,15855
15859,15860
15863,15864
15866,15867
15873,15874
15879,15880
15882,15883
15886,15887
15891,15892
15894,15895
15899,15900
15905,15906
15913,15914
15920,15921
15927,15928
15934,15935
15938,15939
15943,15944
15949,15950
15958,15959
15961,15962
15966,15967
15972,15973
15980,15981
15989,15990
15995,15996
16001,16002
16006,16007
16009,16010
16017,16018
16025,16026
16029,16030
16035,16036
16040,16041
16045,16046
16049,16050
16053,16054
16061,16062
16069,16070
16074,16075
16081,16082
16083,16084
16086,16087
16089,16090
16093,16094
16097,16098
16101,16102
16108,16109
16115,16116
16121,16122
16127,16128
16130,16131
16134,16135
16138,16139
16141,16142
16145,16146
16149,16150
16158,16159
16165,16166
16172,16173
16178,16179
16180,16181
16185,16186
16191,16192
16197,16198
16203,16204
16209,16210
16217,16218
16223,16224
16229,16230
16235,16236
16239,16240
16243,16244
16246,16247
16248,16249
16253,16254
16258,16259
16260,16261
16262,16263
16267,16268
16271,16272
16277,16278
16282,16283
16288,16289
16294,16295
16301,16302
16306,16307
16308,16309
16311,16312
16321,16322
16330,16331
16336,16337
16340,16341
16347,16348
16356,16357
16358,16359
16360,16361
16362,16363
16365,16366
16369,16370
16378,16379
16383,16384
16388,16389
16391,16392
16394,16395
16399,16400
16404,16405
16409,16410
16414,16415
16422,16423
16428,16429
16432,16433
16435,16436
16439,16440
16442,16443
16447,16448
16454,16455
16459,16460
16464,16465
16471,16472
16477,16478
16483,16484
16488,16489
16490,16491
16492,16493
16495,16496
16498,16499
16501,16502
16507,16508
16512,16513
16516,16517
16519,16520
16526,16527
16533,16534
16538,16539
16543,16544
16548,16549
16554,16555
16556,16557
16561,16562
16563,16564
16571,16572
16577,16578
16584,16585
16591,16592
16595,16596
16600,16601
16602,16603
16604,16605
16610,16611
16614,16615
16619,16620
16625,16626
16627,16628
16632,16633
16636,16637
16639,16640
16642,16643
16645,16646
16655,16656
16664,16665
16668,16669
16674,16675
16676,16677
16679,16680
16683,16684
16687,16688
16691,16692
16696,16697
16698,16699
16701,16702
16706,16707
16710,16711
16718,16719
16725,16726
16728,16729
16733,16734
16740,16741
16747,16748
16753,16754
16761,16762
16768,16769
16774,16775
16776,16777
16778,16779
16781,16782
16786,16787
16790,16791
16796,16797
16803,16804
16810,16811
16813,16814
16816,16817
16823,16824
16827,16828
16835,16836
16841,16842
16844,16845
16848,16849
16850,16851
16855,16856
16860,16861
16863,16864
16868,16869
16873,16874
16876,16877
16880,16881
16883,16884
16887,16888
16890,16891
16895,16896
16898,16899
16901,16902
16905,16906
16909,16910
16915,16916
16920,16921
16925,16926
16931,16932
16934,16935
16937,16938
16945,16946
16952,16953
16959,16960
16966,16967
16971,16972
16979,16980
16983,16984
16985,16986
16990,16991
16994,16995
16996,16997
16999,17000
17006,17007
17013,17014
17016,17017
17019,17020
17023,17024
17027,17028
17030,17031
17033,17034
17037,17038
17043,17044
17048,17049
17052,17053
17055,17056
17059,17060
17067,17068
17074,17075
17078,17079
17081,17082
17087,17088
17093,17094
17095,17096
17098,17099
17104,17105
17109,17110
17112,17113
17114,17115
17121,17122
17126,17127
17133,17134
17139,17140
17145,17146
17148,17149
17150,17151
17153,17154
17156,17157
17160,17161
17165,17166
17169,17170
17171,17172
17174,17175
17179,17180
17183,17184
17187,17188
17191,17192
17197,17198
17202,17203
17214,17215
17226,17227
17230,17231
17234,17235
17240,17241
17244,17245
17249,17250
17253,17254
17260,17261
17268,17269
17273,17274
17278,17279
17283,17284
17288,17289
17293,17294
17297,17298
17303,17304
17309,17310
17317,17318
17324,17325
17329,17330
17334,17335
17339,17340
17344,17345
17348,17349
17353,17354
17358,17359
17364,17365
17371,17372
17377,17378
17383,17384
17390,17391
17395,17396
17397,17398
17401,17402
17407,17408
17411,17412
17416,17417
17420,17421
17424,17425
17430,17431
17436,17437
17440,17441
17443,17444
17445,17446
17447,17448
17451,17452
17454,17455
17458,17459
17462,17463
17466,17467
17471,17472
17476,17477
17483,17484
17489,17490
17495,17496
17502,17503
17509,17510
17514,17515
17517,17518
17524,17525
17531,17532
17536,17537
17540,17541
17546,17547
17551,17552
17555,17556
17560,17561
17564,17565
17568,17569
17572,17573
17576,17577
17579,17580
17583,17584
17586,17587
17589,17590
17592,17593
17595,17596
17599,17600
17601,17602
17607,17608
17614,17615
17622,17623
17631,17632
17633,17634
17638,17639
17645,17646
17652,17653
17659,17660
17663,17664
17668,17669
17673,17674
17678,17679
17681,17682
17685,17686
17690,17691
17694,17695
17699,17700
17705,17706
17708,17709
17711,17712
17716,17717
17721,17722
17726,17727
17732,17733
17737,17738
17741,17742
17745,17746
17751,17752
17758,17759
17765,17766
17768,17769
17771,17772
17774,17775
17778,17779
17782,17783
17787,17788
17791,17792
17794,17795
17800,17801
17807,17808
17809,17810
17813,17814
17817,17818
17821,17822
17823,17824
17825,17826
17829,17830
17835,17836
17839,17840
17843,17844
17846,17847
17848,17849
17854,17855
17860,17861
17866,17867
17872,17873
17878,17879
17887,17888
17893,17894
17900,17901
17904,17905
17908,17909
17910,17911
17914,17915
17918,17919
17924,17925
17933,17934
17940,17941
17946,17947
17954,17955
17960,17961
17965,17966
17972,17973
17977,17978
17982,17983
17988,17989
17994,17995
18000,18001
18002,18003
18008,18009
18015,18016
18019,18020
18023,18024
18026,18027
18029,18030
18031,18032
18034,18035
18038,18039
18041,18042
18046,18047
18051,18052
18055,18056
18060,18061
18064,18065
18068,18069
18071,18072
18074,18075
18080,18081
18087,18088
18092,18093
18097,18098
18103,18104
18108,18109
18110,18111
18112,18113
18115,18116
18117,18118
18121,18122
18125,18126
18128,18129
18130,18131
18134,18135
18140,18141
18144,18145
18147,18148
18156,18157
18160,18161
18166,18167
18172,18173
18179,18180
18187,18188
18190,18191
18193,18194
18198,18199
18204,18205
18208,18209
18211,18212
18215,18216
18218,18219
18225,18226
18231,18232
18233,18234
18235,18236
18237,18238
18240,18241
18243,18244
18246,18247
18248,18249
18251,18252
18254,18255
18260,18261
18265,18266
18270,18271
18274,18275
18278,18279
18282,18283
18286,18287
18292,18293
18297,18298
18300,18301
18302,18303
18306,18307
18308,18309
18312,18313
18314,18315
18320,18321
18325,18326
18331,18332
18337,18338
18341,18342
18346,18347
18351,18352
18355,18356
18362,18363
18371,18372
18376,18377
18380,18381
18383,18384
18388,18389
18391,18392
18394,18395
18402,18403
18410,18411
18414,18415
18418,18419
18421,18422
18424,18425
18427,18428
18431,18432
18434,18435
18438,18439
18443,18444
18447,18448
18452,18453
18455,18456
18457,18458
18459,18460
18464,18465
18469,18470
18475,18476
18481,18482
18485,18486
18487,18488
18492,18493
18497,18498
18501,18502
18504,18505
18508,18509
18513,18514
18517,18518
18520,18521
18522,18523
18525,18526
18528,18529
18532,18533
18535,18536
18537,18538
18543,18544
18549,18550
18554,18555
18560,18561
18566,18567
18572,18573
18575,18576
18580,18581
18584,18585
18588,18589
18596,18597
18605,18606
18607,18608
18609,18610
18614,18615
18619,18620
18627,18628
18636,18637
18638,18639
18642,18643
18644,18645
18649,18650
18655,18656
18665,18666
18674,18675
18678,18679
18682,18683
18689,18690
18695,18696
18699,18700
18704,18705
18710,18711
18715,18716
18718,18719
18723,18724
18729,18730
18732,18733
18735,18736
18738,18739
18741,18742
18744,18745
18748,18749
18751,18752
18754,18755
18757,18758
18760,18761
18764,18765
18767,18768
18771,18772
18774,18775
18776,18777
18779,18780
18782,18783
18785,18786
18793,18794
18801,18802
18810,18811
18819,18820
18826,18827
18830,18831
18837,18838
18844,18845
18846,18847
18849,18850
18856,18857
18864,18865
18866,18867
18874,18875
18883,18884
18888,18889
18892,18893
18897,18898
18902,18903
18905,18906
18909,18910
18912,18913
18920,18921
18926,18927
18929,18930
18931,18932
18935,18936
18938,18939
18943,18944
18947,18948
18954,18955
18960,18961
18964,18965
18967,18968
18971,18972
18975,18976
18979,18980
18982,18983
18987,18988
18991,18992
18998,18999
19004,19005
19010,19011
19019,19020
19024,19025
19028,19029
19032,19033
19036,19037
19038,19039
19040,19041
19047,19048
19054,19055
19062,19063
19069,19070
19075,19076
19082,19083
19087,19088
19093,19094
19095,19096
19098,19099
19101,19102
19104,19105
19107,19108
19109,19110
19111,19112
19114,19115
19119,19120
19126,19127
19134,19135
19139,19140
19144,19145
19152,19153
19159,19160
19163,19164
19167,19168
19173,19174
19181,19182
19187,19188
19193,19194
19197,19198
19204,19205
19206,19207
19209,19210
19214,19215
19219,19220
19224,19225
19229,19230
19233,19234
19237,19238
19241,19242
19247,19248
19249,19250
19252,19253
19255,19256
19258,19259
19268,19269
19277,19278
19283,19284
19289,19290
19293,19294
19297,19298
19300,19301
19305,19306
19314,19315
19322,19323
19326,19327
19330,19331
19336,19337
19344,19345
19349,19350
19353,19354
19355,19356
19358,19359
19360,19361
19363,19364
19368,19369
19373,19374
19376,19377
19380,19381
19387,19388
19394,19395
19399,19400
19405,19406
19407,19408
19411,19412
19416,19417
19421,19422
19425,19426
19430,19431
19432,19433
19437,19438
19441,19442
19445,19446
19448,19449
19454,19455
19459,19460
19463,19464
19467,19468
19471,19472
19475,19476
19481,19482
19487,19488
19491,19492
19496,19497
19504,19505
19512,19513
19515,19516
19519,19520
19522,19523
19526,19527
19533,19534
19540,19541
19551,19552
19563,19564
19570,19571
19577,19578
19581,19582
19586,19587
19591,19592
19599,19600
19607,19608
19615,19616
19623,19624
19625,19626
19627,19628
19632,19633
19637,19638
19639,19640
19641,19642
19643,19644
19650,19651
19655,19656
19661,19662
19666,19667
19670,19671
19677,19678
19682,19683
19686,19687
19689,19690
19695,19696
19697,19698
19701,19702
19706,19707
19710,19711
19714,19715
19716,19717
19720,19721
19723,19724
19727,19728
19734,19735
19741,19742
19744,19745
19746,19747
19755,19756
19761,19762
19763,19764
19765,19766
19771,19772
19773,19774
19776,19777
19779,19780
19787,19788
19797,19798
19804,19805
19809,19810
19814,19815
19820,19821
19828,19829
19836,19837
19846,19847
19855,19856
19859,19860
19864,19865
19870,19871
19876,19877
19879,19880
19882,19883
19890,19891
19896,19897
19901,19902
19907,19908
19910,19911
19914,19915
19918,19919
19923,19924
19926,19927
19928,19929
19932,19933
19935,19936
19941,19942
19945,19946
19953,19954
19959,19960
19964,19965
19968,19969
19970,19971
19974,19975
19979,19980
19985,19986
19987,19988
19989,19990
19992,19993
19995,19996
19997,19998
19999,20000
20005,20006
20010,20011
20016,20017
20024,20025
20032,20033
20040,20041
20049,20050
20058,20059
20063,20064
20069,20070
20077,20078
20087,20088
20090,20091
20094,20095
20097,20098
20100,20101
20107,20108
20114,20115
20118,20119
20121,20122
20125,20126
20128,20129
20131,20132
20137,20138
20142,20143
20145,20146
20154,20155
20162,20163
20166,20167
20171,20172
20174,20175
20179,20180
20186,20187
20193,20194
20196,20197
20199,20200
20205,20206
20210,20211
20213,20214
20215,20216
20222,20223
20230,20231
20237,20238
20242,20243
20247,20248
20249,20250
20252,20253
20255,20256
20261,20262
20265,20266
20273,20274
20283,20284
20286,20287
20291,20292
20294,20295
20300,20301
20304,20305
20307,20308
20313,20314
20315,20316
20319,20320
20323,20324
20329,20330
20335,20336
20341,20342
20348,20349
20355,20356
20362,20363
20370,20371
20376,20377
20382,20383
20384,20385
20386,20387
20391,20392
20396,20397
20402,20403
20407,20408
20410,20411
20414,20415
20418,20419
20422,20423
20425,20426
20430,20431
20436,20437
20441,20442
20445,20446
20448,20449
20456,20457
20461,20462
20464,20465
20467,20468
20472,20473
20477,20478
20484,20485
20490,20491
20495,20496
20500,20501
20504,20505
20507,20508
20511,20512
20517,20518
20520,20521
20525,20526
20528,20529
20532,20533
20540,20541
20547,20548
20549,20550
20551,20552
20562,20563
20574,20575
20576,20577
20578,20579
20580,20581
20584,20585
20587,20588
20593,20594
20602,20603
20610,20611
20618,20619
20623,20624
20631,20632
20636,20637
20643,20644
20651,20652
20657,20658
20660,20661
20664,20665
20667,20668
20670,20671
20673,20674
20678,20679
20686,20687
20693,20694
20696,20697
20698,20699
20704,20705
20709,20710
20713,20714
20718,20719
20723,20724
20727,20728
20731,20732
20737,20738
20740,20741
20743,20744
20749,20750
20757,20758
20761,20762
20765,20766
20772,20773
20780,20781
20787,20788
20793,20794
20801,20802
20810,20811
20812,20813
20814,20815
20816,20817
20819,20820
20822,20823
20826,20827
20831,20832
20834,20835
20840,20841
20845,20846
20848,20849
20852,20853
20857,20858
20863,20864
20870,20871
20875,20876
20886,20887
20894,20895
20898,20899
20902,20903
20905,20906
20908,20909
20913,20914
20916,20917
20918,20919
20920,20921
20927,20928
20936,20937
20941,20942
20945,20946
20948,20949
20950,20951
20953,20954
20961,20962
20964,20965
20968,20969
20972,20973
20979,20980
20985,20986
20991,20992
20999,21000
21008,21009
21011,21012
21015,21016
21021,21022
21030,21031
21034,21035
21037,21038
21044,21045
21051,21052
21057,21058
21063,21064
21069,21070
21075,21076
21080,21081
21086,21087
21091,21092
21097,21098
21103,21104
21107,21108
21111,21112
21117,21118
21121,21122
21124,21125
21127,21128
21132,21133
21139,21140
21144,21145
21152,21153
21161,21162
21165,21166
21169,21170
21172,21173
21175,21176
21180,21181
21185,21186
21190,21191
21196,21197
21202,21203
21206,21207
21213,21214
21219,21220
21223,21224
21227,21228
21229,21230
21232,21233
21237,21238
21242,21243
21249,21250
21255,21256
21257,21258
21261,21262
21269,21270
21277,21278
21281,21282
21284,21285
21287,21288
21291,21292
21297,21298
21304,21305
21308,21309
21312,21313
21315,21316
21317,21318
21320,21321
21323,21324
21326,21327
21328,21329
21334,21335
21340,21341
21344,21345
21347,21348
21352,21353
21357,21358
21363,21364
21368,21369
21370,21371
21372,21373
21379,21380
21386,21387
21395,21396
21404,21405
21407,21408
21410,21411
21412,21413
21414,21415
21416,21417
21421,21422
21426,21427
21430,21431
21437,21438
21442,21443
21448,21449
21455,21456
21461,21462
21469,21470
21477,21478
21483,21484
21486,21487
21489,21490
21492,21493
21497,21498
21500,21501
21507,21508
21515,21516
21523,21524
21529,21530
21535,21536
21537,21538
21541,21542
21545,21546
21549,21550
21555,21556
21561,21562
21567,21568
21575,21576
21578,21579
21587,21588
21594,21595
21597,21598
21600,21601
21605,21606
21610,21611
21616,21617
21622,21623
21624,21625
21630,21631
21634,21635
21641,21642
21647,21648
21651,21652
21655,21656
21660,21661
21667,21668
21672,21673
21676,21677
21683,21684
21690,21691
21694,21695
21699,21700
21703,21704
21710,21711
21713,21714
21716,21717
21721,21722
21724,21725
21733,21734
21743,21744
21745,21746
21755,21756
21763,21764
21769,21770
21775,21776
21781,21782
21785,21786
21792,21793
21799,21800
21805,21806
21810,21811
21815,21816
21820,21821
21824,21825
21829,21830
21834,21835
21841,21842
21845,21846
21849,21850
21853,21854
21858,21859
21861,21862
21866,21867
21869,21870
21873,21874
21882,21883
21892,21893
21898,21899
21904,21905
21906,21907
21909,21910
21913,21914
21918,21919
21922,21923
21927,21928
21931,21932
21934,21935
21936,21937
21942,21943
21946,21947
21950,21951
21954,21955
21962,21963
21967,21968
21969,21970
21972,21973
21975,21976
21980,21981
21983,21984
21992,21993
22001,22002
22011,22012
22020,22021
22024,22025
22029,22030
22033,22034
22037,22038
22041,22042
22047,22048
22054,22055
22061,22062
22064,22065
22070,22071
22074,22075
22079,22080
22083,22084
22092,22093
22100,22101
22102,22103
22104,22105
22109,22110
22114,22115
22122,22123
22128,22129
22131,22132
22134,22135
22141,22142
22147,22148
22152,22153
22156,22157
22161,22162
22166,22167
22171,22172
22176,22177
22179,22180
22183,22184
22188,22189
22194,22195
22199,22200
22202,22203
22209,22210
22217,22218
22226,22227
22231,22232
22234,22235
22237,22238
22241,22242
22249,22250
22252,22253
22259,22260
22264,22265
22266,22267
22271,22272
22275,22276
22280,22281
22285,22286
22290,22291
22294,22295
22301,22302
22306,22307
22311,22312
22318,22319
22320,22321
22324,22325
22328,22329
22333,22334
22337,22338
22345,22346
22351,22352
22358,22359
22367,22368
22371,22372
22375,22376
22380,22381
22385,22386
22389,22390
22393,22394
22395,22396
22397,22398
22402,22403
22407,22408
22414,22415
22420,22421
22425,22426
22432,22433
22436,22437
22441,22442
22444,22445
22449,22450
22455,22456
22461,22462
22464,22465
22468,22469
22474,22475
22480,22481
22487,22488
22495,22496
22502,22503
22508,22509
22512,22513
22515,22516
22518,22519
22522,22523
22530,22531
22537,22538
22540,22541
22545,22546
22548,22549
22551,22552
22555,22556
22557,22558
22561,22562
22567,22568
22571,22572
22575,22576
22578,22579
22585,22586
22591,22592
22597,22598
22603,22604
22607,22608
22612,22613
22616,22617
22619,22620
22621,22622
22623,22624
22626,22627
22629,22630
22633,22634
22636,22637
22640,22641
22644,22645
22648,22649
22651,22652
22657,22658
22662,22663
22664,22665
22666,22667
22672,22673
22679,22680
22683,22684
22687,22688
22696,22697
22700,22701
22706,22707
22712,22713
22715,22716
22718,22719
22721,22722
22725,22726
22732,22733
22739,22740
22744,22745
22746,22747
22749,22750
22754,22755
22760,22761
22766,22767
22774,22775
22782,22783
22787,22788
22793,22794
22798,22799
22805,22806
22810,22811
22818,22819
22823,22824
22828,22829
22832,22833
22836,22837
22841,22842
22847,22848
22851,22852
22857,22858
22868,22869
22876,22877
22881,22882
22890,22891
22895,22896
22902,22903
22907,22908
22913,22914
22920,22921
22926,22927
22932,22933
22938,22939
22942,22943
22945,22946
22951,22952
22957,22958
22962,22963
22967,22968
22969,22970
22971,22972
22977,22978
22983,22984
22988,22989
22996,22997
23003,23004
23011,23012
23018,23019
23024,23025
23031,23032
23039,23040
23043,23044
23047,23048
23054,23055
23061,23062
23066,23067
23071,23072
23078,23079
23085,23086
23089,23090
23094,23095
23098,23099
23102,23103
23108,23109
23114,23115
23117,23118
23120,23121
23126,23127
23133,23134
23138,23139
23142,23143
23144,23145
23147,23148
23151,23152
23155,23156
23162,23163
23168,23169
23173,23174
23180,23181
23185,23186
23189,23190
23191,23192
23194,23195
23197,23198
23204,23205
23213,23214
23215,23216
23217,23218
23224,23225
23232,23233
23237,23238
23243,23244
23245,23246
23253,23254
23264,23265
23268,23269
23270,23271
23272,23273
23275,23276
23278,23279
23281,23282
23285,23286
23289,23290
23298,23299
23305,23306
23307,23308
23310,23311
23313,23314
23319,23320
23328,23329
23336,23337
23339,23340
23344,23345
23348,23349
23351,23352
23354,23355
23357,23358
23362,23363
23366,23367
23369,23370
23376,23377
23380,23381
23384,23385
23389,23390
23394,23395
23399,23400
23402,23403
23409,23410
23415,23416
23417,23418
23420,23421
23423,23424
23427,23428
23429,23430
23431,23432
23435,23436
23440,23441
23447,23448
23451,23452
23458,23459
23462,23463
23466,23467
23472,23473
23477,23478
23482,23483
23485,23486
23488,23489
23499,23500
23510,23511
23513,23514
23516,23517
23520,23521
23523,23524
23529,23530
23535,23536
23540,23541
23542,23543
23545,23546
23548,23549
23552,23553
23554,23555
23557,23558
23559,23560
23563,23564
23568,23569
23573,23574
23577,23578
23579,23580
23581,23582
23585,23586
23588,23589
23592,23593
23596,23597
23600,23601
23603,23604
23608,23609
23612,23613
23615,23616
23619,23620
23624,23625
23630,23631
23637,23638
23643,23644
23650,23651
23656,23657
23661,23662
23664,23665
23669,23670
23674,23675
23679,23680
23688,23689
23696,23697
23702,23703
23707,23708
23713,23714
23720,23721
23726,23727
23732,23733
23741,23742
23745,23746
23749,23750
23752,23753
23755,23756
23758,23759
23762,23763
23768,23769
23774,23775
23782,23783
23789,23790
23792,23793
23795,23796
23804,23805
23813,23814
23818,23819
23824,23825
23826,23827
23830,23831
23832,23833
23835,23836
23839,23840
23843,23844
23847,23848
23851,23852
23857,23858
23861,23862
23864,23865
23869,23870
23872,23873
23876,23877
23884,23885
23890,23891
23893,23894
23897,23898
23902,23903
23908,23909
23913,23914
23920,23921
23924,23925
23928,23929
23930,23931
23934,23935
23940,23941
23947,23948
23953,23954
23958,23959
23963,23964
23969,23970
23973,23974
23977,23978
23985,23986
23991,23992
23998,23999
24003,24004
24008,24009
24013,24014
24016,24017
24018,24019
24022,24023
24026,24027
24031,24032
24035,24036
24046,24047
24053,24054
24059,24060
24066,24067
24069,24070
24073,24074
24081,24082
24088,24089
24094,24095
24098,24099
24104,24105
24109,24110
24111,24112
24117,24118
24122,24123
24129,24130
24132,24133
24135,24136
24144,24145
24152,24153
24157,24158
24163,24164
24167,24168
24170,24171
24176,24177
24179,24180
24183,24184
24187,24188
24192,24193
24198,24199
24202,24203
24206,24207
24211,24212
24216,24217
24225,24226
24232,24233
24236,24237
24240,24241
24243,24244
24248,24249
24252,24253
24257,24258
24260,24261
24266,24267
24269,24270
24274,24275
24279,24280
24288,24289
24296,24297
24301,24302
24305,24306
24310,24311
24314,24315
24322,24323
24330,24331
24334,24335
24339,24340
24342,24343
24345,24346
24354,24355
24364,24365
24369,24370
24373,24374
24378,24379
24385,24386
24390,24391
24395,24396
24399,24400
24404,24405
24413,24414
24421,24422
24424,24425
24428,24429
24433,24434
24440,24441
24442,24443
24446,24447
24451,24452
24457,24458
24462,24463
24468,24469
24473,24474
24476,24477
24482,24483
24488,24489
24492,24493
24495,24496
24502,24503
24509,24510
24514,24515
24520,24521
24525,24526
24531,24532
24533,24534
24535,24536
24542,24543
24549,24550
24554,24555
24559,24560
24563,24564
24568,24569
24574,24575
24581,24582
24587,24588
24591,24592
24596,24597
24600,24601
24606,24607
24610,24611
24612,24613
24614,24615
24616,24617
24624,24625
24632,24633
24634,24635
24638,24639
24641,24642
24644,24645
24649,24650
24653,24654
24657,24658
24661,24662
24666,24667
24671,24672
24676,24677
24680,24681
24682,24683
24685,24686
24691,24692
24696,24697
24699,24700
24701,24702
24707,24708
24713,24714
24721,24722
24727,24728
24732,24733
24737,24738
24743,24744
24750,24751
24760,24761
24769,24770
24774,24775
24779,24780
24785,24786
24790,24791
24798,24799
24805,24806
24809,24810
24815,24816
24822,24823
24830,24831
24833,24834
24837,24838
24842,24843
24846,24847
24853,24854
24858,24859
24865,24866
24873,24874
24881,24882
24888,24889
24892,24893
24898,24899
24902,24903
24906,24907
24911,24912
24913,24914
24919,24920
24924,24925
24931,24932
24939,24940
24946,24947
24953,24954
24957,24958
24961,24962
24965,24966
24969,24970
24975,24976
24980,24981
24982,24983
24984,24985
24993,24994
25002,25003
25005,25006
25008,25009
25015,25016
25020,25021
25026,25027
25033,25034
25035,25036
25037,25038
25040,25041
25045,25046
25050,25051
25055,25056
25058,25059
25060,25061
25063,25064
25067,25068
25073,25074
25079,25080
25082,25083
25085,25086
25091,25092
25097,25098
25105,25106
25111,25112
25116,25117
25121,25122
25123,25124
25127,25128
25131,25132
25137,25138
25139,25140
25143,25144
25146,25147
25148,25149
25153,25154
25156,25157
25158,25159
25163,25164
25169,25170
25175,25176
25183,25184
25190,25191
25197,25198
25204,25205
25212,25213
25217,25218
25221,25222
25226,25227
25232,25233
25235,25236
25237,25238
25242,25243
25247,25248
25254,25255
25259,25260
25264,25265
25273,25274
25276,25277
25279,25280
25283,25284
25288,25289
25297,25298
25306,25307
25310,25311
25313,25314
25319,25320
25326,25327
25328,25329
25334,25335
25339,25340
25342,25343
25345,25346
25349,25350
25352,25353
25355,25356
25359,25360
25362,25363
25367,25368
25370,25371
25373,25374
25379,25380
25386,25387
25389,25390
25393,25394
25404,25405
25414,25415
25418,25419
25421,25422
25425,25426
25429,25430
25434,25435
25438,25439
25442,25443
25448,25449
25453,25454
25459,25460
25464,25465
25471,25472
25477,25478
25479,25480
25483,25484
25489,25490
25494,25495
25497,25498
25500,25501
25504,25505
25510,25511
25514,25515
25518,25519
25520,25521
25523,25524
25529,25530
25535,25536
25537,25538
25539,25540
25546,25547
25553,25554
25559,25560
25566,25567
25573,25574
25580,25581
25583,25584
25586,25587
25589,25590
25591,25592
25594,25595
25599,25600
25603,25604
25608,25609
25611,25612
25616,25617
25623,25624
25629,25630
25636,25637
25642,25643
25648,25649
25654,25655
25657,25658
25659,25660
25662,25663
25668,25669
25674,25675
25679,25680
25684,25685
25692,25693
25701,25702
25706,25707
25710,25711
25713,25714
25718,25719
25721,25722
25725,25726
25727,25728
25731,25732
25738,25739
25745,25746
25748,25749
25753,25754
25759,25760
25764,25765
25770,25771
25776,25777
25784,25785
25791,25792
25794,25795
25797,25798
25804,25805
25808,25809
25813,25814
25820,25821
25823,25824
25826,25827
25832,25833
25838,25839
25841,25842
25845,25846
25850,25851
25856,25857
25860,25861
25864,25865
25869,25870
25872,25873
25877,25878
25881,25882
25886,25887
25891,25892
25900,25901
25908,25909
25913,25914
25919,25920
25926,25927
25933,25934
25938,25939
25943,25944
25947,25948
25950,25951
25958,25959
25967,25968
25974,25975
25980,25981
25983,25984
25986,25987
25988,25989
25992,25993
25996,25997
26000,26001
26007,26008
26014,26015
26020,26021
26026,26027
26031,26032
26039,26040
26042,26043
26045,26046
26048,26049
26050,26051
26055,26056
26057,26058
26062,26063
26067,26068
26071,26072
26075,26076
26079,26080
26084,26085
26089,26090
26097,26098
26103,26104
26108,26109
26113,26114
26117,26118
26121,26122
26128,26129
26133,26134
26138,26139
26142,26143
26147,26148
26151,26152
26156,26157
26160,26161
26164,26165
26170,26171
26176,26177
26182,26183
26190,26191
26197,26198
26202,26203
26207,26208
26210,26211
26213,26214
26219,26220
26224,26225
26230,26231
26236,26237
26244,26245
26253,26254
26256,26257
26258,26259
26262,26263
26265,26266
26269,26270
26273,26274
26277,26278
26280,26281
26287,26288
26291,26292
26297,26298
26303,26304
26307,26308
26310,26311
26313,26314
26316,26317
26321,26322
26326,26327
26329,26330
26333,26334
26340,26341
26347,26348
26349,26350
26354,26355
26360,26361
26363,26364
26368,26369
26371,26372
26374,26375
26379,26380
26385,26386
26392,26393
26397,26398
26401,26402
26405,26406
26409,26410
26414,26415
26416,26417
26419,26420
26424,26425
26429,26430
26432,26433
26435,26436
26439,26440
26443,26444
26449,26450
26455,26456
26457,26458
26460,26461
26465,26466
26470,26471
26472,26473
26475,26476
26479,26480
26483,26484
26486,26487
26490,26491
26494,26495
26501,26502
26505,26506
26509,26510
26512,26513
26516,26517
26522,26523
26530,26531
26536,26537
26543,26544
26548,26549
26554,26555
26557,26558
26559,26560
26561,26562
26565,26566
26567,26568
26569,26570
26573,26574
26578,26579
26583,26584
26589,26590
26595,26596
26601,26602
26606,26607
26610,26611
26613,26614
26615,26616
26622,26623
26628,26629
26637,26638
26645,26646
26653,26654
26660,26661
26663,26664
26666,26667
26674,26675
26682,26683
26687,26688
26690,26691
26694,26695
26697,26698
26701,26702
26704,26705
26710,26711
26715,26716
26719,26720
26721,26722
26723,26724
26728,26729
26734,26735
26739,26740
26748,26749
26756,26757
26763,26764
26770,26771
26773,26774
26776,26777
26783,26784
26790,26791
26794,26795
26797,26798
26801,26802
26806,26807
26810,26811
26814,26815
26819,26820
26824,26825
26830,26831
26836,26837
26841,26842
26846,26847
26849,26850
26852,26853
26859,26860
26865,26866
26871,26872
26876,26877
26887,26888
26897,26898
26900,26901
26903,26904
26907,26908
26913,26914
26920,26921
26928,26929
26932,26933
26936,26937
26939,26940
26944,26945
26947,26948
26950,26951
26954,26955
26958,26959
26960,26961
26966,26967
26970,26971
26976,26977
26983,26984
26989,26990
26992,26993
26996,26997
27002,27003
27009,27010
27014,27015
27020,27021
27022,27023
27024,27025
27029,27030
27034,27035
27039,27040
27044,27045
27050,27051
27056,27057
27062,27063
27068,27069
27072,27073
27077,27078
27082,27083
27089,27090
27092,27093
27096,27097
27102,27103
27108,27109
27113,27114
27120,27121
27127,27128
27134,27135
27140,27141
27148,27149
27150,27151
27153,27154
27157,27158
27160,27161
27165,27166
27171,27172
27177,27178
27181,27182
27188,27189
27195,27196
27199,27200
27204,27205
27208,27209
27213,27214
27223,27224
27230,27231
27237,27238
27244,27245
27251,27252
27258,27259
27265,27266
27272,27273
27274,27275
27277,27278
27282,27283
27287,27288
27293,27294
27298,27299
27303,27304
27308,27309
27313,27314
27316,27317
27322,27323
27328,27329
27332,27333
27336,27337
27341,27342
27343,27344
27350,27351
27356,27357
27362,27363
27367,27368
27369,27370
27371,27372
27379,27380
27388,27389
27393,27394
27396,27397
27399,27400
27403,27404
27409,27410
27416,27417
27423,27424
27427,27428
27434,27435
27439,27440
27444,27445
27450,27451
27456,27457
27461,27462
27465,27466
27469,27470
27476,27477
27482,27483
27488,27489
27494,27495
27496,27497
27499,27500
27504,27505
27510,27511
27517,27518
27522,27523
27527,27528
27531,27532
27536,27537
27542,27543
27546,27547
27550,27551
27555,27556
27561,27562
27564,27565
27567,27568
27575,27576
27581,27582
27583,27584
27585,27586
27591,27592
27597,27598
27603,27604
27607,27608
27613,27614
27617,27618
27620,27621
27623,27624
27629,27630
27636,27637
27639,27640
27643,27644
27647,27648
27651,27652
27660,27661
27668,27669
27672,27673
27679,27680
27685,27686
27689,27690
27697,27698
27705,27706
27712,27713
27720,27721
27723,27724
27727,27728
27734,27735
27737,27738
27742,27743
27747,27748
27752,27753
27760,27761
27769,27770
27778,27779
27782,27783
27786,27787
27791,27792
27796,27797
27800,27801
27803,27804
27805,27806
27807,27808
27810,27811
27814,27815
27816,27817
27818,27819
27822,27823
27827,27828
27833,27834
27836,27837
27839,27840
27843,27844
27848,27849
27852,27853
27858,27859
27861,27862
27864,27865
27868,27869
27872,27873
27874,27875
27876,27877
27882,27883
27889,27890
27896,27897
27903,27904
27907,27908
27911,27912
27914,27915
27917,27918
27923,27924
27928,27929
27930,27931
27932,27933
27936,27937
27940,27941
27943,27944
27945,27946
27950,27951
27954,27955
27962,27963
27969,27970
27971,27972
27977,27978
27982,27983
27985,27986
27989,27990
27994,27995
28000,28001
28004,28005
28009,28010
28014,28015
28019,28020
28027,28028
28035,28036
28041,28042
28045,28046
28051,28052
28057,28058
28061,28062
28065,28066
28067,28068
28069,28070
28077,28078
28083,28084
28085,28086
28089,28090
28095,28096
28101,28102
28106,28107
28110,28111
28112,28113
28114,28115
28121,28122
28130,28131
28133,28134
28135,28136
28139,28140
28144,28145
28148,28149
28153,28154
28157,28158
28162,28163
28166,28167
28170,28171
28173,28174
28177,28178
28179,28180
28181,28182
28185,28186
28189,28190
28193,28194
28197,28198
28204,28205
28209,28210
28212,28213
28218,28219
28225,28226
28230,28231
28233,28234
28238,28239
28241,28242
28245,28246
28249,28250
28253,28254
28263,28264
28270,28271
28274,28275
28279,28280
28281,28282
28283,28284
28288,28289
28294,28295
28298,28299
28300,28301
28304,28305
28307,28308
28314,28315
28320,28321
28329,28330
28337,28338
28341,28342
28347,28348
28350,28351
28356,28357
28362,28363
28369,28370
28375,28376
28379,28380
28383,28384
28388,28389
28395,28396
28400,28401
28403,28404
28405,28406
28409,28410
28417,28418
28420,28421
28423,28424
28426,28427
28428,28429
28434,28435
28440,28441
28444,28445
28448,28449
28453,28454
28460,28461
28462,28463
28467,28468
28475,28476
28482,28483
28487,28488
28490,28491
28494,28495
28501,28502
28507,28508
28513,28514
28518,28519
28528,28529
28537,28538
28542,28543
28548,28549
28550,28551
28552,28553
28554,28555
28559,28560
28564,28565
28571,28572
28575,28576
28580,28581
28587,28588
28596,28597
28602,28603
28605,28606
28609,28610
28613,28614
28618,28619
28624,28625
28630,28631
28634,28635
28637,28638
28642,28643
28646,28647
28649,28650
28653,28654
28658,28659
28662,28663
28665,28666
28669,28670
28674,28675
28680,28681
28686,28687
28691,28692
28696,28697
28702,28703
28708,28709
28711,28712
28717,28718
28720,28721
28726,28727
28730,28731
28734,28735
28737,28738
28741,28742
28747,28748
28749,28750
28751,28752
28758,28759
28764,28765
28767,28768
28770,28771
28774,28775
28779,28780
28782,28783
28785,28786
28788,28789
28792,28793
28799,28800
28805,28806
28812,28813
28819,28820
28823,28824
28826,28827
28831,28832
28834,28835
28837,28838
28840,28841
28844,28845
28847,28848
28850,28851
28853,28854
28858,28859
28862,28863
28864,28865
28868,28869
28871,28872
28873,28874
28876,28877
28878,28879
28883,28884
28890,28891
28894,28895
28898,28899
28902,28903
28907,28908
28909,28910
28912,28913
28918,28919
28922,28923
28926,28927
28932,28933
28935,28936
28940,28941
28944,28945
28948,28949
28952,28953
28956,28957
28962,28963
28968,28969
28974,28975
28978,28979
28982,28983
28986,28987
28989,28990
28992,28993
28996,28997
29003,29004
29009,29010
29016,29017
29023,29024
29031,29032
29037,29038
29041,29042
29047,29048
29052,29053
29057,29058
29061,29062
29067,29068
29074,29075
29080,29081
29084,29085
29088,29089
29093,29094
29098,29099
29103,29104
29107,29108
29113,29114
29118,29119
29123,29124
29128,29129
29131,29132
29135,29136
29140,29141
29144,29145
29148,29149
29151,29152
29156,29157
29160,29161
29167,29168
29175,29176
29183,29184
29191,29192
29198,29199
29204,29205
29207,29208
29210,29211
29215,29216
29219,29220
29226,29227
29233,29234
29236,29237
29242,29243
29247,29248
29250,29251
29253,29254
29260,29261
29266,29267
29269,29270
29271,29272
29275,29276
29280,29281
29287,29288
29293,29294
29302,29303
29308,29309
29316,29317
29324,29325
29330,29331
29335,29336
29339,29340
29344,29345
29348,29349
29351,29352
29359,29360
29365,29366
29368,29369
29371,29372
29375,29376
29378,29379
29384,29385
29388,29389
29394,29395
29400,29401
29405,29406
29408,29409
29415,29416
29424,29425
29428,29429
29431,29432
29433,29434
29435,29436
29443,29444
29451,29452
29455,29456
29459,29460
29463,29464
29467,29468
29471,29472
29477,29478
29479,29480
29483,29484
29487,29488
29493,29494
29497,29498
29502,29503
29509,29510
29517,29518
29520,29521
29526,29527
29531,29532
29534,29535
29539,29540
29543,29544
29548,29549
29555,29556
29560,29561
29563,29564
29566,29567
29571,29572
29576,29577
29583,29584
29590,29591
29594,29595
29598,29599
29602,29603
29607,29608
29609,29610
29612,29613
29620,29621
29626,29627
29633,29634
29640,29641
29644,29645
29649,29650
29655,29656
29660,29661
29665,29666
29669,29670
29675,29676
29681,29682
29686,29687
29692,29693
29698,29699
29704,29705
29710,29711
29715,29716
29719,29720
29723,29724
29728,29729
29731,29732
29734,29735
29738,29739
29744,29745
29748,29749
29753,29754
29757,29758
29762,29763
29765,29766
29769,29770
29772,29773
29778,29779
29783,29784
29785,29786
29788,29789
29790,29791
29795,29796
29797,29798
29800,29801
29807,29808
29813,29814
29815,29816
29817,29818
29821,29822
29825,29826
29828,29829
29833,29834
29839,29840
29846,29847
29854,29855
29861,29862
29865,29866
29873,29874
29880,29881
29884,29885
29889,29890
29893,29894
29896,29897
29902,29903
29907,29908
29911,29912
29916,29917
29920,29921
29923,29924
29928,29929
29935,29936
29941,29942
29947,29948
29953,29954
29959,29960
29966,29967
29973,29974
29977,29978
29980,29981
29984,29985
29989,29990
29994,29995
30000,30001
30007,30008
30010,30011
30012,30013
30018,30019
30023,30024
30027,30028
30030,30031
30033,30034
30036,30037
30041,30042
30047,30048
30051,30052
30056,30057
30061,30062
30066,30067
30069,30070
30072,30073
30076,30077
30078,30079
30081,30082
30083,30084
30090,30091
30097,30098
30102,30103
30110,30111
30116,30117
30119,30120
30125,30126
30129,30130
30134,30135
30137,30138
30143,30144
30148,30149
30151,30152
30154,30155
30159,30160
30165,30166
30173,30174
30180,30181
30188,30189
30192,30193
30198,30199
30206,30207
30211,30212
30217,30218
30221,30222
30227,30228
30233,30234
30237,30238
30243,30244
30248,30249
30258,30259
30268,30269
30273,30274
30278,30279
30282,30283
30289,30290
30295,30296
30301,30302
30305,30306
30308,30309
30311,30312
30317,30318
30323,30324
30328,30329
30331,30332
30334,30335
30336,30337
30340,30341
30343,30344
30347,30348
30352,30353
30357,30358
30362,30363
30367,30368
30374,30375
30377,30378
30383,30384
30386,30387
30391,30392
30397,30398
30403,30404
30409,30410
30412,30413
30417,30418
30421,30422
30428,30429
30433,30434
30440,30441
30443,30444
30446,30447
30448,30449
30451,30452
30453,30454
30456,30457
30461,30462
30467,30468
30473,30474
30480,30481
30486,30487
30491,30492
30496,30497
30501,30502
30506,30507
30510,30511
30517,30518
30525,30526
30528,30529
30530,30531
30533,30534
30536,30537
30547,30548
30557,30558
30561,30562
30566,30567
30570,30571
30574,30575
30581,30582
30586,30587
30588,30589
30593,30594
30598,30599
30603,30604
30609,30610
30615,30616
30622,30623
30628,30629
30634,30635
30639,30640
30643,30644
30648,30649
30656,30657
30664,30665
30670,30671
30676,30677
30681,30682
30686,30687
30689,30690
30692,30693
30699,30700
30706,30707
30712,30713
30715,30716
30722,30723
30731,30732
30735,30736
30739,30740
30742,30743
30746,30747
30751,30752
30757,30758
30765,30766
30772,30773
30779,30780
30784,30785
30789,30790
30794,30795
30796,30797
30799,30800
30801,30802
30803,30804
30808,30809
30812,30813
30819,30820
30825,30826
30831,30832
30837,30838
30844,30845
30851,30852
30857,30858
30861,30862
30864,30865
30867,30868
30871,30872
30875,30876
30879,30880
30882,30883
30887,30888
30893,30894
30897,30898
30902,30903
30906,30907
30909,30910
30915,30916
30921,30922
30925,30926
30929,30930
30933,30934
30937,30938
30939,30940
30943,30944
30946,30947
30950,30951
30960,30961
30967,30968
30972,30973
30976,30977
30983,30984
30990,30991
30998,30999
31004,31005
31009,31010
31014,31015
31017,31018
31022,31023
31025,31026
31027,31028
31030,31031
31033,31034
31037,31038
31041,31042
31045,31046
31049,31050
31053,31054
31056,31057
31059,31060
31064,31065
31067,31068
31071,31072
31077,31078
31082,31083
31088,31089
31095,31096
31100,31101
31107,31108
31110,31111
31114,31115
31123,31124
31131,31132
31137,31138
31142,31143
31148,31149
31156,31157
31160,31161
31164,31165
31166,31167
31169,31170
31172,31173
31177,31178
31180,31181
31184,31185
31188,31189
31196,31197
31203,31204
31210,31211
31216,31217
31221,31222
31227,31228
31233,31234
31238,31239
31242,31243
31245,31246
31249,31250
31253,31254
31260,31261
31266,31267
31272,31273
31278,31279
31282,31283
31286,31287
31292,31293
31297,31298
31301,31302
31304,31305
31309,31310
31314,31315
31319,31320
31325,31326
31329,31330
31333,31334
31338,31339
31341,31342
31346,31347
31353,31354
31356,31357
31360,31361
31366,31367
31374,31375
31383,31384
31389,31390
31395,31396
31402,31403
31406,31407
31409,31410
31414,31415
31421,31422
31424,31425
31428,31429
31435,31436
31442,31443
31445,31446
31448,31449
31458,31459
31466,31467
31471,31472
31475,31476
31477,31478
31481,31482
31485,31486
31488,31489
31492,31493
31498,31499
31501,31502
31505,31506
31508,31509
31511,31512
31517,31518
31522,31523
31525,31526
31529,31530
31535,31536
31542,31543
31547,31548
31551,31552
31556,31557
31562,31563
31566,31567
31572,31573
31579,31580
31587,31588
31590,31591
31593,31594
31599,31600
31605,31606
31608,31609
31611,31612
31616,31617
31620,31621
31624,31625
31629,31630
31634,31635
31637,31638
31641,31642
31647,31648
31656,31657
31664,31665
31672,31673
31679,31680
31683,31684
31686,31687
31688,31689
31690,31691
31701,31702
31711,31712
31716,31717
31721,31722
31725,31726
31728,31729
31730,31731
31733,31734
31736,31737
31738,31739
31745,31746
31752,31753
31757,31758
31763,31764
31766,31767
31768,31769
31773,31774
31778,31779
31785,31786
31792,31793
31795,31796
31798,31799
31803,31804
31811,31812
31816,31817
31820,31821
31824,31825
31828,31829
31832,31833
31838,31839
31844,31845
31849,31850
31855,31856
31857,31858
31859,31860
31865,31866
31871,31872
31876,31877
31879,31880
31882,31883
31885,31886
31890,31891
31896,31897
31901,31902
31907,31908
31913,31914
31921,31922
31924,31925
31927,31928
31933,31934
31938,31939
31941,31942
31945,31946
31950,31951
31955,31956
31958,31959
31961,31962
31964,31965
31967,31968
31970,31971
31974,31975
31983,31984
31992,31993
31996,31997
32000,32001
32008,32009
32015,32016
32021,32022
32028,32029
32032,32033
32038,32039
32043,32044
32048,32049
32052,32053
32056,32057
32061,32062
32067,32068
32076,32077
32085,32086
32088,32089
32092,32093
32098,32099
32103,32104
32107,32108
32111,32112
32115,32116
32118,32119
32120,32121
32122,32123
32126,32127
32132,32133
32134,32135
32137,32138
32140,32141
32143,32144
32150,32151
32155,32156
32159,32160
32164,32165
32166,32167
32168,32169
32175,32176
32183,32184
32191,32192
32200,32201
32206,32207
32212,32213
32217,32218
32221,32222
32228,32229
32236,32237
32242,32243
32247,32248
32254,32255
32261,32262
32268,32269
32274,32275
32276,32277
32279,32280
32282,32283
32285,32286
32287,32288
32290,32291
32295,32296
32300,32301
32304,32305
32308,32309
32312,32313
32316,32317
32321,32322
32328,32329
32332,32333
32337,32338
32343,32344
32348,32349
32351,32352
32353,32354
32355,32356
32361,32362
32367,32368
32369,32370
32373,32374
32379,32380
32387,32388
32390,32391
32393,32394
32395,32396
32397,32398
32401,32402
32406,32407
32410,32411
32414,32415
32419,32420
32424,32425
32429,32430
32432,32433
32435,32436
32437,32438
32440,32441
32444,32445
32450,32451
32453,32454
32457,32458
32460,32461
32462,32463
32470,32471
32476,32477
32478,32479
32480,32481
32482,32483
32484,32485
32491,32492
32496,32497
32502,32503
32507,32508
32511,32512
32515,32516
32522,32523
32530,32531
32533,32534
32536,32537
32539,32540
32543,32544
32546,32547
32549,32550
32552,32553
32558,32559
32564,32565
32569,32570
32573,32574
32576,32577
32582,32583
32588,32589
32594,32595
32600,32601
32603,32604
32607,32608
32610,32611
32613,32614
32620,32621
32627,32628
32632,32633
32636,32637
32640,32641
32644,32645
32648,32649
32651,32652
32656,32657
32662,32663
32667,32668
32672,32673
32679,32680
32686,32687
32693,32694
32698,32699
32702,32703
32705,32706
32709,32710
32712,32713
32716,32717
32720,32721
32726,32727
32731,32732
32734,32735
32737,32738
32744,32745
32751,32752
32758,32759
32766,32767
32773,32774
32783,32784
32789,32790
32796,32797
32803,32804
32810,32811
32813,32814
32816,32817
32824,32825
32832,32833
32836,32837
32840,32841
32847,32848
32853,32854
32856,32857
32860,32861
32862,32863
32865,32866
32869,32870
32873,32874
32876,32877
32880,32881
32884,32885
32889,32890
32891,32892
32898,32899
32906,32907
32909,32910
32912,32913
32917,32918
32922,32923
32925,32926
32928,32929
32930,32931
32933,32934
32936,32937
32941,32942
32946,32947
32952,32953
32960,32961
32966,32967
32969,32970
32975,32976
32980,32981
32985,32986
32989,32990
32993,32994
32997,32998
33002,33003
33005,33006
33008,33009
33011,33012
33014,33015
33017,33018
33019,33020
33029,33030
33037,33038
33043,33044
33049,33050
33053,33054
33055,33056
33064,33065
33073,33074
33078,33079
33083,33084
33088,33089
33093,33094
33097,33098
33102,33103
33107,33108
33112,33113
33114,33115
33117,33118
33121,33122
33123,33124
33126,33127
33130,33131
33135,33136
33142,33143
33148,33149
33150,33151
33153,33154
33160,33161
33170,33171
33174,33175
33178,33179
33182,33183
33185,33186
33187,33188
33190,33191
33196,33197
33204,33205
33207,33208
33211,33212
33217,33218
33222,33223
33227,33228
33233,33234
33240,33241
33244,33245
33247,33248
33251,33252
33257,33258
33263,33264
33271,33272
33279,33280
33285,33286
33291,33292
33294,33295
33299,33300
33303,33304
33307,33308
33316,33317
33326,33327
33333,33334
33339,33340
33344,33345
33347,33348
33353,33354
33358,33359
33360,33361
33362,33363
33365,33366
33369,33370
33374,33375
33380,33381
33385,33386
33392,33393
33395,33396
33399,33400
33404,33405
33409,33410
33414,33415
33417,33418
33423,33424
33428,33429
33435,33436
33442,33443
33446,33447
33451,33452
33457,33458
33464,33465
33471,33472
33478,33479
33482,33483
33487,33488
33492,33493
33497,33498
33500,33501
33503,33504
33509,33510
33514,33515
33519,33520
33525,33526
33529,33530
33532,33533
33540,33541
33548,33549
33554,33555
33559,33560
33563,33564
33567,33568
33572,33573
33578,33579
33581,33582
33584,33585
33591,33592
33596,33597
33600,33601
33604,33605
33607,33608
33612,33613
33614,33615
33617,33618
33625,33626
33631,33632
33634,33635
33636,33637
33642,33643
33648,33649
33655,33656
33663,33664
33670,33671
33677,33678
33685,33686
33693,33694
33699,33700
33705,33706
33708,33709
33712,33713
33719,33720
33724,33725
33731,33732
33738,33739
33744,33745
33751,33752
33756,33757
33761,33762
33768,33769
33773,33774
33776,33777
33780,33781
33783,33784
33786,33787
33788,33789
33794,33795
33802,33803
33806,33807
33811,33812
33816,33817
33823,33824
33829,33830
33834,33835
33836,33837
33839,33840
33846,33847
33852,33853
33854,33855
33857,33858
33866,33867
33873,33874
33875,33876
33878,33879
33881,33882
33883,33884
33885,33886
33888,33889
33895,33896
33903,33904
33908,33909
33912,33913
33919,33920
33923,33924
33927,33928
33931,33932
33933,33934
33936,33937
33940,33941
33944,33945
33949,33950
33953,33954
33958,33959
33962,33963
33966,33967
33969,33970
33975,33976
33981,33982
33984,33985
33986,33987
33992,33993
33996,33997
34002,34003
34007,34008
34010,34011
34016,34017
34025,34026
34031,34032
34033,34034
34035,34036
34040,34041
34043,34044
34046,34047
34049,34050
34052,34053
34056,34057
34062,34063
34067,34068
34072,34073
34078,34079
34082,34083
34087,34088
34091,34092
34097,34098
34101,34102
34106,34107
34109,34110
34112,34113
34118,34119
34123,34124
34128,34129
34132,34133
34136,34137
34139,34140
34145,34146
34150,34151
34155,34156
34159,34160
34166,34167
34171,34172
34174,34175
34177,34178
34185,34186
34194,34195
34199,34200
34206,34207
34208,34209
34210,34211
34214,34215
34219,34220
34225,34226
34233,34234
34241,34242
34246,34247
34251,34252
34255,34256
34261,34262
34267,34268
34273,34274
34275,34276
34281,34282
34287,34288
34293,34294
34299,34300
34308,34309
34315,34316
34320,34321
34326,34327
34333,34334
34340,34341
34346,34347
34353,34354
34357,34358
34360,34361
34364,34365
34368,34369
34375,34376
34381,34382
34387,34388
34393,34394
34396,34397
34399,34400
34405,34406
34409,34410
34414,34415
34420,34421
34425,34426
34431,34432
34440,34441
34451,34452
34456,34457
34462,34463
34468,34469
34473,34474
34479,34480
34483,34484
34488,34489
34494,34495
34497,34498
34499,34500
34502,34503
34505,34506
34507,34508
34509,34510
34513,34514
34516,34517
34522,34523
34527,34528
34531,34532
34537,34538
34539,34540
34542,34543
34552,34553
34564,34565
34569,34570
34576,34577
34584,34585
34593,34594
34601,34602
34611,34612
34618,34619
34623,34624
34627,34628
34631,34632
34636,34637
34640,34641
34643,34644
34648,34649
34650,34651
34653,34654
34656,34657
34659,34660
34662,34663
34670,34671
34679,34680
34682,34683
34686,34687
34689,34690
34692,34693
34697,34698
34702,34703
34708,34709
34712,34713
34716,34717
34720,34721
34728,34729
34734,34735
34741,34742
34749,34750
34753,34754
34757,34758
34761,34762
34765,34766
34773,34774
34781,34782
34785,34786
34790,34791
34795,34796
34797,34798
34800,34801
34803,34804
34807,34808
34813,34814
34818,34819
34823,34824
34829,34830
34835,34836
34839,34840
34844,34845
34849,34850
34854,34855
34859,34860
34864,34865
34868,34869
34873,34874
34876,34877
34881,34882
34884,34885
34889,34890
34894,34895
34898,34899
34902,34903
34907,34908
34909,34910
34917,34918
34924,34925
34929,34930
34935,34936
34938,34939
34943,34944
34950,34951
34956,34957
34964,34965
34972,34973
34976,34977
34980,34981
34983,34984
34986,34987
34991,34992
34994,34995
35000,35001
35006,35007
35008,35009
35011,35012
35020,35021
35031,35032
35035,35036
35043,35044
35047,35048
35049,35050
35053,35054
35057,35058
35060,35061
35064,35065
35070,35071
35075,35076
35080,35081
35085,35086
35089,35090
35092,35093
35099,35100
35107,35108
35109,35110
35112,35113
35114,35115
35116,35117
35119,35120
35122,35123
35129,35130
35133,35134
35137,35138
35141,35142
35146,35147
35152,35153
35159,35160
35168,35169
35175,35176
35183,35184
35187,35188
35194,35195
35197,35198
35202,35203
35204,35205
35209,35210
35213,35214
35218,35219
35224,35225
35228,35229
35232,35233
35237,35238
35241,35242
35246,35247
35252,35253
35257,35258
35261,35262
35270,35271
35278,35279
35282,35283
35285,35286
35289,35290
35294,35295
35299,35300
35306,35307
35309,35310
35313,35314
35324,35325
35335,35336
35343,35344
35350,35351
35360,35361
35371,35372
35376,35377
35381,35382
35384,35385
35388,35389
35393,35394
35397,35398
35403,35404
35411,35412
35417,35418
35422,35423
35425,35426
35427,35428
35433,35434
35438,35439
35445,35446
35452,35453
35455,35456
35458,35459
35462,35463
35467,35468
35473,35474
35480,35481
35487,35488
35494,35495
35497,35498
35502,35503
35508,35509
35515,35516
35522,35523
35530,35531
35534,35535
35538,35539
35542,35543
35547,35548
35551,35552
35556,35557
35563,35564
35570,35571
35578,35579
35586,35587
35592,35593
35598,35599
35602,35603
35604,35605
35608,35609
35612,35613
35615,35616
35620,35621
35623,35624
35626,35627
35630,35631
35634,35635
35638,35639
35642,35643
35651,35652
35657,35658
35662,35663
35664,35665
35666,35667
35668,35669
35678,35679
35687,35688
35691,35692
35694,35695
35697,35698
35702,35703
35706,35707
35713,35714
35716,35717
35723,35724
35730,35731
35734,35735
35738,35739
35741,35742
35744,35745
35747,35748
35750,35751
35754,35755
35758,35759
35761,35762
35764,35765
35769,35770
35774,35775
35783,35784
35793,35794
35796,35797
35799,35800
35806,35807
35812,35813
35819,35820
35823,35824
35828,35829
35831,35832
35835,35836
35839,35840
35846,35847
35853,35854
35856,35857
35860,35861
35863,35864
35866,35867
35869,35870
35874,35875
35880,35881
35885,35886
35888,35889
35895,35896
35901,35902
35908,35909
35913,35914
35919,35920
35921,35922
35923,35924
35931,35932
35939,35940
35945,35946
35952,35953
35956,35957
35959,35960
35963,35964
35967,35968
35977,35978
35987,35988
35995,35996
36003,36004
36010,36011
36016,36017
36023,36024
36027,36028
36033,36034
36037,36038
36044,36045
36048,36049
36054,36055
36060,36061
36070,36071
36079,36080
36081,36082
36083,36084
36086,36087
36089,36090
36093,36094
36097,36098
36100,36101
36103,36104
36107,36108
36112,36113
36116,36117
36122,36123
36129,36130
36136,36137
36141,36142
36147,36148
36151,36152
36154,36155
36160,36161
36168,36169
36174,36175
36181,36182
36188,36189
36195,36196
36198,36199
36200,36201
36206,36207
36212,36213
36217,36218
36223,36224
36228,36229
36232,36233
36237,36238
36244,36245
36249,36250
36253,36254
36259,36260
36265,36266
36270,36271
36274,36275
36276,36277
36278,36279
36282,36283
36286,36287
36291,36292
36296,36297
36301,36302
36306,36307
36311,36312
36315,36316
36319,36320
36323,36324
36329,36330
36334,36335
36341,36342
36349,36350
36357,36358
36365,36366
36368,36369
36370,36371
36374,36375
36377,36378
36382,36383
36388,36389
36394,36395
36399,36400
36404,36405
36408,36409
36412,36413
36414,36415
36417,36418
36420,36421
36426,36427
36432,36433
36438,36439
36444,36445
36450,36451
36455,36456
36458,36459
36463,36464
36471,36472
36480,36481
36483,36484
36487,36488
36497,36498
36505,36506
36510,36511
36515,36516
36519,36520
36523,36524
36527,36528
36530,36531
36534,36535
36539,36540
36544,36545
36550,36551
36552,36553
36554,36555
36564,36565
36574,36575
36580,36581
36586,36587
36588,36589
36591,36592
36594,36595
36597,36598
36602,36603
36606,36607
36611,36612
36617,36618
36621,36622
36625,36626
36627,36628
36630,36631
36634,36635
36639,36640
36644,36645
36649,36650
36652,36653
36655,36656
36658,36659
36661,36662
36666,36667
36672,36673
36680,36681
36688,36689
36692,36693
36696,36697
36700,36701
36705,36706
36707,36708
36709,36710
36712,36713
36718,36719
36726,36727
36734,36735
36737,36738
36741,36742
36745,36746
36749,36750
36755,36756
36761,36762
36767,36768
36772,36773
36782,36783
36792,36793
36796,36797
36799,36800
36807,36808
36814,36815
36820,36821
36824,36825
36831,36832
36838,36839
36843,36844
36848,36849
36852,36853
36856,36857
36859,36860
36863,36864
36870,36871
36878,36879
36884,36885
36888,36889
36894,36895
36899,36900
36903,36904
36910,36911
36915,36916
36920,36921
36924,36925
36928,36929
36930,36931
36935,36936
36942,36943
36948,36949
36954,36955
36960,36961
36964,36965
36968,36969
36974,36975
36979,36980
36981,36982
36983,36984
36991,36992
37001,37002
37004,37005
37006,37007
37010,37011
37014,37015
37019,37020
37025,37026
37027,37028
37031,37032
37034,37035
37039,37040
37042,37043
37046,37047
37051,37052
37055,37056
37060,37061
37064,37065
37073,37074
37082,37083
37085,37086
37089,37090
37094,37095
37097,37098
37103,37104
37106,37107
37110,37111
37115,37116
37121,37122
37128,37129
37133,37134
37138,37139
37149,37150
37160,37161
37165,37166
37170,37171
37179,37180
37188,37189
37191,37192
37196,37197
37198,37199
37207,37208
37214,37215
37219,37220
37223,37224
37227,37228
37232,37233
37235,37236
37239,37240
37241,37242
37244,37245
37249,37250
37253,37254
37256,37257
37259,37260
37266,37267
37273,37274
37279,37280
37287,37288
37291,37292
37296,37297
37303,37304
37309,37310
37312,37313
37315,37316
37317,37318
37320,37321
37322,37323
37324,37325
37330,37331
37333,37334
37338,37339
37343,37344
37348,37349
37352,37353
37354,37355
37359,37360
37367,37368
37376,37377
37381,37382
37386,37387
37395,37396
37405,37406
37407,37408
