uncorrupt_phrase_line_num,corrupt_phrase_line_num
1,6
8,17
18,25
35,41
42,48
55,61
71,78
93,100
115,120
122,128
130,134
135,140
141,146
147,153
154,157
158,160
161,165
166,170
172,179
181,184
185,187
188,190
209,217
218,221
224,228
238,244
246,254
256,261
262,267
271,274
276,279
298,303
305,311
319,323
324,329
330,334
346,352
353,359
361,368
370,372
373,377
378,380
381,386
396,400
403,407
413,416
417,420
421,425
431,436
437,447
448,454
455,459
460,464
465,470
473,477
479,482
483,487
488,496
498,505
513,520
522,531
540,545
546,551
552,557
558,561
583,587
588,591
606,615
617,625
627,631
635,639
640,644
645,652
659,661
665,671
672,678
679,683
684,688
689,690
691,692
700,703
710,720
722,731
748,753
762,768
769,773
778,781
784,787
794,798
799,804
805,809
810,813
814,819
821,825
826,830
833,838
857,863
864,869
891,896
897,902
904,911
912,919
932,936
937,942
943,947
948,956
959,965
967,974
988,991
992,994
1001,1005
1016,1018
1019,1024
1025,1028
1031,1037
1038,1042
1043,1049
1050,1056
1070,1073
1078,1089
1091,1099
1103,1110
1111,1120
1121,1127
1129,1135
1138,1144
1146,1151
1152,1154
1156,1157
1159,1168
1170,1178
1181,1183
1184,1190
1191,1197
1198,1202
1203,1208
1212,1214
1221,1227
1230,1234
1242,1246
1248,1251
1252,1255
1256,1263
1264,1269
1285,1290
1292,1298
1300,1303
1304,1307
1330,1337
1340,1347
1350,1353
1358,1362
1364,1367
1369,1375
1401,1403
1404,1410
1411,1421
1444,1451
1452,1458
1470,1478
1480,1487
1494,1499
1500,1507
1510,1517
1519,1524
1530,1534
1535,1539
1554,1557
1558,1561
1574,1577
1579,1582
1583,1586
1588,1591
1603,1606
1607,1610
1617,1620
1622,1625
1627,1631
1632,1636
1660,1668
1674,1682
1686,1695
1700,1704
1708,1712
1723,1726
1731,1733
1737,1741
1757,1759
1760,1762
1766,1769
1781,1788
1791,1800
1809,1815
1817,1822
1824,1832
1834,1841
1843,1848
1850,1855
1858,1860
1861,1862
1863,1869
1870,1875
1876,1881
1883,1887
1889,1894
1896,1901
1921,1929
1931,1935
1936,1941
1942,1946
1950,1954
1957,1962
1965,1968
1969,1973
1974,1977
1978,1980
1990,1993
1994,1998
2000,2004
2005,2008
2028,2034
2035,2041
2042,2043
2044,2045
2046,2049
2051,2056
2059,2064
2066,2070
2072,2076
2077,2081
2082,2089
2091,2098
2100,2105
2106,2109
2110,2113
2116,2120
2127,2130
2131,2137
2139,2145
2147,2151
2152,2156
2157,2160
2162,2165
2167,2170
2186,2191
2196,2200
2213,2217
2218,2222
2223,2227
2228,2234
2236,2242
2249,2257
2258,2266
2267,2275
2283,2286
2301,2304
2305,2307
2308,2313
2315,2320
2322,2326
2328,2334
2335,2340
2341,2345
2346,2349
2350,2354
2355,2360
2362,2367
2369,2373
2375,2378
2380,2384
2385,2389
2391,2397
2398,2404
2405,2413
2414,2422
2423,2428
2429,2434
2435,2438
2476,2481
2482,2487
2491,2493
2494,2501
2503,2508
2510,2514
2516,2521
2523,2526
2527,2530
2531,2535
2536,2540
2541,2551
2553,2559
2561,2567
2583,2588
2590,2596
2598,2602
2604,2610
2612,2615
2616,2619
2620,2626
2628,2632
2633,2636
2639,2642
2656,2661
2665,2673
2677,2684
2688,2694
2695,2700
2701,2705
2706,2709
2711,2718
2720,2725
2727,2733
2735,2738
2739,2741
2744,2746
2748,2752
2754,2759
2760,2766
2768,2772
2774,2782
2785,2792
2795,2802
2804,2809
2811,2816
2817,2821
2822,2826
2837,2840
2843,2846
2848,2853
2854,2858
2867,2872
2873,2880
2888,2891
2897,2903
2904,2911
2918,2923
2924,2929
2946,2948
2954,2960
2992,2993
2994,2997
2999,3003
3007,3016
3017,3025
3029,3032
3039,3044
3078,3083
3087,3090
3094,3098
3101,3104
3106,3113
3115,3124
3130,3134
3135,3137
3139,3141
3151,3155
3156,3160
3167,3173
3174,3180
3183,3189
3191,3199
3200,3208
3210,3215
3218,3224
3239,3242
3243,3247
3273,3281
3282,3286
3287,3290
3291,3295
3297,3301
3303,3307
3308,3313
3314,3317
3318,3321
3335,3339
3340,3344
3345,3351
3353,3360
3361,3365
3366,3370
3390,3397
3398,3404
3406,3410
3412,3416
3418,3424
3427,3433
3435,3438
3440,3441
3442,3446
3447,3451
3452,3455
3473,3476
3479,3481
3484,3492
3493,3500
3501,3505
3506,3509
3510,3514
3516,3519
3520,3526
3527,3534
3535,3540
3558,3559
3561,3563
3564,3568
3570,3574
3575,3581
3582,3587
3588,3595
3596,3603
3604,3607
3608,3610
3613,3617
3626,3630
3631,3635
3636,3640
3642,3645
3652,3658
3660,3666
3669,3674
3683,3688
3696,3702
3703,3707
3708,3711
3713,3717
3731,3733
3734,3737
3738,3741
3742,3745
3746,3749
3766,3770
3771,3777
3779,3785
3801,3808
3809,3816
3817,3822
3825,3831
3834,3841
3842,3849
3850,3856
3857,3861
3879,3885
3886,3893
3894,3895
3896,3899
3913,3917
3918,3923
3924,3929
3930,3935
3936,3941
3942,3945
3946,3954
3955,3961
3972,3980
3987,3992
3993,3997
3998,4001
4002,4008
4014,4022
4024,4030
4036,4043
4044,4049
4050,4054
4055,4063
4067,4075
4090,4094
4096,4101
4103,4110
4111,4118
4125,4131
4136,4140
4145,4148
4149,4151
4152,4155
4157,4159
4161,4167
4172,4176
4178,4181
4183,4186
4187,4191
4192,4197
4199,4201
4212,4215
4218,4222
4232,4237
4238,4246
4257,4262
4263,4266
4269,4272
4273,4282
4291,4297
4298,4305
4306,4311
4314,4320
4324,4328
4330,4334
4336,4340
4341,4345
4346,4354
4356,4363
4364,4367
4372,4377
4379,4386
4387,4392
4393,4397
4401,4405
4406,4413
4414,4422
4423,4429
4431,4435
4437,4446
4456,4463
4465,4471
4473,4476
4480,4486
4487,4492
4500,4503
4506,4508
4510,4515
4516,4522
4524,4530
4532,4538
4540,4544
4545,4550
4562,4565
4566,4570
4584,4591
4592,4599
4600,4607
4609,4617
4656,4663
4664,4667
4668,4673
4700,4704
4705,4709
4710,4712
4713,4716
4724,4732
4733,4741
4750,4754
4755,4759
4764,4768
4772,4776
4777,4782
4788,4793
4804,4810
4812,4818
4820,4827
4828,4835
4836,4845
4847,4854
4857,4864
4866,4873
4883,4884
4885,4886
4887,4890
4891,4894
4895,4897
4898,4901
4903,4908
4909,4914
4915,4921
4923,4928
4934,4937
4943,4947
4948,4956
4967,4972
4974,4983
4984,4989
4991,4996
4998,5003
5004,5008
5009,5014
5016,5020
5022,5025
5026,5029
5030,5035
5043,5048
5050,5056
5090,5094
5096,5102
5113,5116
5118,5122
5135,5138
5139,5143
5144,5150
5153,5158
5161,5166
5167,5171
5172,5179
5180,5187
5188,5194
5195,5199
5205,5211
5234,5238
5239,5244
5245,5247
5248,5252
5253,5258
5259,5262
5263,5267
5269,5276
5287,5296
5298,5306
5330,5341
5342,5353
5376,5379
5380,5383
5384,5389
5390,5397
5404,5409
5431,5434
5435,5440
5442,5446
5456,5463
5465,5474
5489,5499
5500,5509
5557,5561
5578,5584
5587,5593
5597,5604
5613,5615
5616,5619
5620,5628
5630,5636
5638,5644
5645,5651
5652,5653
5654,5656
5657,5662
5663,5668
5681,5686
5690,5695
5699,5703
5705,5709
5715,5717
5718,5721
5722,5725
5726,5735
5736,5742
5747,5750
5751,5756
5758,5762
5764,5767
5768,5771
5772,5777
5779,5784
5787,5793
5794,5801
5806,5809
5810,5815
5817,5821
5831,5833
5835,5839
5841,5845
5846,5849
5850,5854
5855,5858
5859,5864
5865,5874
5875,5877
5880,5884
5886,5889
5909,5913
5918,5922
5923,5927
5930,5933
5940,5945
5946,5952
5974,5983
5985,5994
5997,6002
6005,6011
6012,6016
6017,6021
6022,6029
6030,6037
6038,6042
6044,6050
6052,6055
6056,6058
6059,6064
6065,6072
6084,6088
6089,6092
6123,6127
6128,6132
6133,6139
6142,6146
6154,6158
6160,6164
6166,6174
6194,6198
6199,6205
6220,6228
6230,6238
6241,6248
6249,6255
6256,6260
6261,6266
6269,6272
6278,6284
6296,6301
6302,6306
6307,6313
6316,6324
6334,6337
6348,6353
6354,6358
6359,6362
6364,6367
6369,6376
6377,6384
6385,6393
6394,6400
6409,6415
6416,6426
6427,6431
6432,6437
6443,6448
6467,6472
6475,6480
6482,6485
6486,6489
6490,6494
6496,6499
6501,6510
6520,6526
6527,6534
6536,6541
6543,6546
6548,6550
6552,6554
6558,6566
6568,6574
6582,6585
6587,6592
6597,6601
6604,6610
6613,6615
6618,6623
6625,6629
6631,6635
6651,6654
6664,6672
6674,6681
6703,6705
6706,6708
6711,6715
6716,6721
6722,6729
6730,6735
6742,6749
6750,6758
6763,6766
6767,6772
6773,6778
6780,6784
6793,6795
6821,6824
6826,6831
6834,6840
6841,6847
6848,6853
6854,6858
6859,6865
6866,6873
6874,6878
6880,6885
6892,6897
6898,6904
6911,6917
6918,6923
6948,6954
6955,6958
6959,6963
6964,6968
6979,6985
6986,6992
6993,6997
6999,7002
7016,7018
7024,7026
7027,7031
7032,7036
7039,7043
7045,7051
7052,7056
7059,7060
7061,7066
7068,7073
7074,7080
7081,7087
7090,7093
7094,7099
7100,7105
7106,7109
7110,7113
7114,7116
7118,7120
7122,7126
7127,7134
7135,7140
7141,7144
7146,7152
7153,7159
7185,7187
7193,7199
7200,7209
7232,7235
7236,7240
7244,7249
7250,7257
7258,7261
7264,7271
7276,7280
7281,7286
7287,7293
7295,7300
7302,7304
7308,7312
7313,7317
7329,7334
7336,7343
7357,7361
7362,7366
7374,7383
7384,7393
7394,7400
7401,7406
7407,7413
7415,7421
7422,7427
7429,7434
7435,7439
7441,7445
7447,7451
7452,7456
7463,7468
7493,7497
7498,7501
7503,7508
7518,7523
7529,7533
7534,7538
7546,7552
7554,7559
7560,7563
7564,7568
7569,7574
7576,7580
7590,7595
7601,7608
7609,7617
7618,7624
7625,7631
7632,7636
7638,7642
7644,7649
7650,7654
7656,7662
7663,7668
7669,7675
7676,7682
7691,7697
7698,7703
7707,7710
7711,7713
7716,7721
7723,7728
7731,7733
7735,7739
7741,7746
7748,7752
7759,7765
7776,7780
7793,7798
7799,7804
7805,7809
7810,7814
7827,7832
7835,7840
7843,7849
7853,7858
7861,7865
7883,7888
7889,7893
7894,7898
7899,7906
7907,7914
7919,7922
7923,7926
7941,7943
7944,7946
7947,7949
7955,7960
7961,7964
7965,7969
7971,7976
7977,7982
7983,7993
7994,8003
8004,8011
8013,8021
8023,8029
8030,8039
8041,8046
8049,8052
8070,8073
8089,8096
8097,8105
8107,8111
8113,8115
8130,8136
8138,8145
8155,8163
8166,8171
8172,8176
8178,8182
8184,8188
8189,8193
8194,8199
8201,8205
8207,8210
8211,8215
8216,8220
8221,8226
8227,8232
8245,8249
8251,8253
8254,8259
8260,8265
8266,8271
8272,8276
8308,8312
8314,8318
8336,8340
8342,8347
8349,8358
8359,8368
8379,8382
8384,8386
8388,8394
8395,8401
8402,8410
8412,8420
8421,8426
8428,8434
8436,8438
8441,8443
8460,8463
8464,8469
8471,8475
8476,8480
8483,8486
8525,8530
8531,8538
8540,8547
8549,8553
8554,8560
8561,8566
8567,8574
8575,8578
8580,8583
8584,8592
8594,8602
8616,8620
8621,8625
8626,8632
8634,8639
8641,8652
8653,8664
8666,8672
8680,8685
8713,8717
8721,8725
8726,8731
8734,8738
8744,8753
8754,8759
8761,8765
8767,8773
8784,8785
8786,8789
8790,8792
8793,8795
8825,8831
8833,8837
8838,8839
8840,8841
8846,8848
8849,8852
8854,8857
8868,8874
8876,8883
8895,8901
8902,8909
8911,8915
8922,8927
8928,8932
8933,8939
8941,8947
8948,8951
8953,8958
8961,8968
8969,8977
8979,8986
8987,8994
8995,8999
9002,9006
9007,9009
9010,9012
9015,9018
9019,9023
9024,9030
9044,9052
9057,9061
9062,9066
9067,9070
9072,9075
9076,9082
9084,9090
9092,9094
9097,9099
9100,9103
9105,9108
9122,9127
9128,9132
9134,9139
9141,9149
9150,9158
9159,9163
9164,9169
9170,9174
9176,9183
9184,9187
9188,9192
9200,9204
9205,9209
9210,9215
9216,9222
9230,9237
9251,9255
9256,9261
9262,9270
9271,9279
9286,9293
9304,9309
9311,9314
9327,9331
9332,9335
9336,9343
9345,9350
9352,9354
9356,9358
9360,9364
9366,9368
9370,9373
9374,9377
9378,9381
9382,9384
9401,9406
9407,9412
9413,9420
9421,9426
9437,9442
9445,9451
9455,9461
9462,9467
9468,9475
9476,9484
9485,9490
9491,9496
9497,9503
9504,9510
9526,9530
9554,9559
9560,9563
9572,9576
9577,9581
9582,9588
9589,9596
9597,9603
9604,9610
9611,9617
9619,9625
9652,9656
9661,9666
9667,9673
9674,9679
9680,9684
9688,9690
9691,9697
9703,9709
9716,9723
9741,9743
9754,9763
9764,9767
9768,9771
9772,9774
9776,9777
9779,9784
9785,9791
9792,9798
9799,9805
9806,9812
9813,9817
9824,9830
9831,9833
9834,9836
9839,9844
9845,9852
9853,9857
9859,9864
9867,9870
9871,9874
9876,9884
9886,9894
9895,9898
9899,9903
9904,9908
9909,9914
9944,9949
9950,9952
9960,9963
9965,9969
9971,9976
9977,9985
9986,9991
9992,9997
9998,10005
10008,10015
10039,10041
10042,10044
10045,10048
10050,10055
10076,10079
10080,10082
10092,10099
10100,10107
10114,10119
10120,10122
10124,10126
10128,10131
10132,10134
10135,10138
10139,10142
10150,10153
10154,10157
10164,10166
10169,10177
10179,10186
10189,10192
10195,10198
10199,10204
10211,10218
10219,10225
10226,10232
10233,10238
10250,10253
10255,10260
10261,10264
10266,10270
10272,10276
10277,10282
10294,10299
10301,10305
10307,10310
10321,10327
10328,10335
10342,10349
10350,10354
10355,10358
10370,10374
10376,10380
10381,10385
10387,10391
10393,10397
10399,10405
10412,10415
10416,10422
10427,10432
10434,10443
10445,10453
10454,10462
10464,10471
10476,10479
10492,10498
10499,10503
10504,10509
10517,10522
10523,10527
10528,10535
10537,10544
10547,10551
10553,10558
10560,10565
10569,10574
10578,10582
10584,10589
10594,10596
10604,10609
10611,10616
10631,10636
10637,10642
10653,10657
10658,10663
10685,10694
10696,10705
10721,10725
10732,10735
10746,10750
10753,10757
10759,10762
10766,10768
10769,10772
10778,10786
10795,10799
10821,10827
10828,10834
10835,10841
10848,10851
10852,10856
10865,10868
10872,10877
10880,10885
10888,10897
10901,10911
10915,10919
10922,10926
10927,10933
10963,10967
10969,10973
10976,10984
10985,10991
11000,11007
11008,11014
11029,11035
11045,11048
11049,11053
11055,11059
11061,11063
11064,11067
11078,11087
11088,11097
11100,11107
11108,11113
11120,11123
11129,11134
11135,11141
11143,11147
11149,11153
11160,11162
11163,11164
11165,11170
11172,11177
11179,11183
11186,11191
11193,11199
11201,11207
11208,11214
11221,11225
11226,11229
11230,11234
11236,11240
11242,11247
11248,11253
11254,11257
11260,11266
11267,11271
11272,11278
11279,11287
11295,11302
11305,11310
11314,11317
11318,11322
11324,11328
11356,11359
11360,11364
11367,11370
11371,11373
11379,11382
11383,11388
11389,11395
11397,11401
11403,11410
11413,11420
11423,11430
11432,11439
11441,11444
11445,11449
11450,11453
11454,11458
11459,11464
11474,11480
11483,11488
11499,11505
11506,11516
11517,11521
11523,11526
11535,11544
11547,11554
11556,11562
11564,11570
11572,11582
11585,11594
11596,11599
11600,11604
11605,11610
11615,11622
11623,11632
11656,11660
11661,11665
11684,11691
11706,11713
11715,11723
11751,11758
11759,11764
11783,11787
11788,11793
11794,11797
11798,11801
11809,11813
11815,11819
11821,11825
11827,11829
11862,11870
11872,11880
11889,11894
11895,11902
11903,11910
11911,11918
11919,11921
11922,11924
11925,11930
11931,11935
11942,11944
11947,11950
11952,11956
11958,11962
11964,11969
11970,11976
11984,11992
11993,11995
11996,11998
12013,12018
12035,12044
12046,12051
12052,12058
12060,12064
12065,12069
12070,12076
12078,12083
12086,12092
12093,12099
12120,12128
12129,12133
12135,12138
12139,12143
12148,12152
12154,12157
12159,12170
12186,12191
12194,12197
12203,12206
12207,12210
12211,12214
12225,12231
12233,12238
12240,12244
12248,12253
12255,12263
12265,12271
12273,12274
12277,12282
12283,12285
12286,12293
12294,12300
12301,12305
12306,12308
12309,12313
12315,12320
12349,12354
12355,12360
12361,12370
12371,12377
12378,12383
12384,12389
12390,12396
12404,12410
12452,12460
12461,12463
12467,12471
12473,12476
12477,12482
12483,12489
12491,12496
12497,12501
12502,12506
12507,12512
12513,12519
12527,12534
12536,12542
12566,12571
12572,12576
12580,12586
12588,12594
12596,12603
12605,12610
12617,12622
12627,12633
12664,12668
12672,12675
12692,12700
12702,12708
12710,12711
12715,12716
12725,12730
12739,12748
12749,12758
12760,12764
12767,12770
12777,12781
12783,12790
12792,12796
12799,12803
12823,12828
12829,12834
12835,12842
12850,12853
12854,12857
12880,12885
12886,12893
12894,12899
12900,12906
12912,12917
12918,12926
12951,12954
12955,12958
12959,12963
12966,12970
12972,12975
12977,12982
12984,12988
12990,12995
13016,13021
13022,13027
13048,13051
13053,13058
13060,13062
13065,13068
13069,13071
13072,13076
13077,13082
13083,13090
13091,13098
13101,13108
13111,13118
13135,13139
13140,13144
13145,13148
13152,13155
13160,13167
13168,13178
13179,13181
13182,13185
13186,13192
13193,13198
13199,13204
13206,13213
13214,13221
13222,13229
13230,13238
13240,13248
13279,13281
13283,13286
13288,13290
13291,13294
13330,13335
13336,13339
13341,13342
13351,13353
13359,13362
13363,13372
13382,13387
13390,13394
13396,13402
13403,13407
13445,13447
13459,13465
13467,13472
13479,13482
13483,13485
13487,13489
13491,13496
13498,13505
13507,13512
13517,13521
13522,13526
13527,13532
13534,13541
13542,13547
13549,13554
13561,13566
13569,13574
13579,13581
13595,13600
13602,13607
13609,13613
13614,13618
13624,13629
13630,13635
13636,13638
13641,13645
13647,13651
13652,13659
13675,13682
13686,13694
13698,13706
13707,13714
13715,13720
13721,13726
13737,13743
13751,13759
13760,13767
13786,13793
13794,13801
13802,13804
13809,13815
13819,13824
13835,13837
13842,13851
13852,13858
13859,13863
13865,13868
13875,13879
13881,13886
13891,13894
13895,13899
13901,13905
13917,13926
13952,13956
13967,13975
13976,13985
13986,13990
13992,13997
13999,14008
14009,14017
14030,14033
14036,14040
14043,14047
14063,14070
14073,14078
14079,14083
14086,14090
14093,14100
14102,14110
14112,14116
14117,14121
14135,14139
14140,14144
14145,14150
14152,14158
14159,14162
14164,14166
14167,14170
14171,14174
14181,14185
14193,14199
14202,14206
14211,14213
14215,14218
14219,14223
14224,14229
14230,14236
14237,14241
14242,14246
14247,14251
14252,14253
14255,14256
14289,14291
14306,14309
14311,14315
14317,14321
14323,14327
14357,14360
14365,14366
14367,14368
14369,14373
14385,14393
14395,14401
14402,14408
14409,14412
14414,14417
14418,14423
14424,14429
14431,14438
14440,14448
14451,14456
14457,14463
14464,14470
14472,14478
14480,14485
14486,14492
14493,14497
14498,14502
14527,14533
14536,14543
14546,14550
14551,14556
14568,14578
14579,14586
14587,14590
14595,14598
14603,14609
14610,14616
14617,14624
14625,14631
14641,14645
14646,14650
14651,14658
14661,14668
14669,14673
14678,14680
14683,14685
14688,14692
14693,14697
14698,14704
14711,14715
14721,14725
14727,14732
14742,14748
14750,14754
14781,14786
14788,14790
14791,14795
14797,14800
14819,14828
14832,14837
14838,14843
14844,14851
14852,14857
14859,14867
14877,14884
14885,14893
14894,14897
14899,14903
14905,14909
14910,14915
14939,14943
14944,14949
14950,14954
14957,14961
14964,14968
14969,14972
14974,14979
14980,14987
14988,14995
14996,15006
15008,15010
15012,15016
15019,15026
15029,15034
15037,15042
15043,15048
15053,15057
15058,15063
15065,15069
15074,15078
15079,15081
15082,15084
15085,15094
15095,15104
15105,15111
15113,15120
15122,15127
15128,15130
15136,15141
15143,15148
15153,15159
15161,15166
15167,15170
15171,15173
15193,15195
15196,15197
15198,15202
15207,15214
15215,15221
15222,15227
15229,15233
15235,15242
15243,15249
15257,15260
15261,15267
15268,15270
15272,15275
15283,15292
15294,15301
15348,15351
15354,15356
15363,15366
15367,15372
15376,15380
15392,15396
15397,15403
15405,15410
15415,15422
15423,15426
15427,15430
15431,15439
15441,15450
15452,15456
15458,15461
15463,15470
15471,15478
15479,15486
15487,15494
15495,15502
15503,15510
15511,15515
15516,15520
15521,15527
15528,15532
15538,15543
15544,15554
15555,15563
15565,15567
15570,15572
15587,15589
15590,15593
15599,15603
15605,15610
15612,15618
15619,15625
15626,15630
15632,15635
15637,15645
15646,15654
15655,15663
15664,15671
15680,15687
15689,15695
15697,15701
15702,15706
15707,15715
15716,15722
15739,15744
15745,15749
15757,15764
15765,15771
15772,15778
15779,15784
15786,15790
15792,15796
15798,15800
15801,15804
15808,15811
15812,15816
15817,15821
15822,15826
15830,15832
15833,15835
15836,15839
15840,15844
15845,15852
15853,15860
15875,15878
15881,15886
15888,15895
15910,15913
15915,15918
15932,15935
15936,15939
15940,15946
15947,15951
15952,15959
15960,15965
15995,16001
16002,16008
16053,16056
16057,16064
16066,16074
16075,16080
16081,16086
16101,16107
16108,16114
16115,16120
16121,16125
16126,16135
16137,16146
16156,16162
16166,16172
16176,16184
16194,16203
16205,16213
16215,16221
16225,16231
16234,16237
16238,16241
16242,16252
16254,16265
16270,16274
16275,16279
16280,16282
16295,16301
16302,16306
16307,16313
16320,16325
16326,16331
16332,16336
16337,16341
16347,16352
16353,16355
16357,16360
16361,16364
16366,16369
16373,16378
16387,16389
16390,16394
16395,16399
16400,16404
16405,16407
16408,16412
16413,16417
16418,16424
16425,16430
16431,16441
16443,16453
16454,16457
16460,16463
16467,16472
16474,16478
16484,16488
16489,16495
16496,16501
16513,16521
16523,16527
16529,16531
16532,16535
16536,16543
16544,16553
16554,16559
16566,16571
16572,16578
16579,16582
16584,16587
16597,16602
16603,16611
16620,16623
16624,16630
16631,16635
16637,16642
16645,16648
16649,16653
16654,16660
16662,16667
16677,16680
16682,16686
16702,16710
16712,16722
16725,16729
16730,16733
16734,16740
16742,16748
16749,16754
16756,16761
16763,16771
16772,16781
16782,16786
16787,16790
16809,16813
16814,16819
16820,16825
16832,16838
16851,16855
16857,16861
16862,16867
16869,16879
16881,16885
16887,16891
16893,16898
16899,16904
16905,16908
16909,16911
16912,16915
16917,16920
16934,16937
16939,16944
16945,16951
16952,16959
16977,16984
16997,17002
17004,17009
17034,17037
17038,17041
17048,17055
17058,17064
17076,17081
17087,17091
17092,17097
17103,17107
17108,17114
17127,17133
17135,17142
17145,17148
17162,17166
17167,17171
17186,17192
17194,17198
17211,17216
17217,17223
17224,17227
17229,17233
17235,17241
17243,17247
17249,17256
17257,17264
17265,17271
17272,17276
17278,17287
17289,17299
17300,17302
17304,17306
17308,17310
17312,17315
17317,17319
17321,17324
17331,17336
17346,17349
17350,17355
17358,17367
17369,17379
17380,17386
17388,17395
17397,17402
17403,17407
17408,17414
17416,17423
17454,17457
17458,17460
17489,17492
17493,17498
17499,17502
17503,17508
17516,17524
17534,17541
17548,17554
17555,17561
17562,17565
17566,17569
17570,17577
17580,17585
17598,17602
17604,17607
17609,17612
17613,17614
17623,17626
17630,17635
17637,17642
17648,17651
17652,17657
17683,17690
17691,17696
17697,17700
17701,17703
17720,17722
17723,17725
17739,17742
17743,17746
17747,17750
17775,17780
17781,17787
17788,17795
17800,17806
17808,17815
17817,17823
17824,17830
17831,17834
17853,17859
17860,17864
17877,17883
17884,17890
17891,17892
17894,17895
17917,17920
17921,17926
17939,17943
17944,17948
17955,17959
17960,17971
17972,17978
17979,17984
17985,17991
18009,18016
18017,18025
18032,18036
18039,18045
18060,18061
18063,18065
18066,18068
18074,18079
18080,18086
18087,18092
18093,18096
18098,18099
18102,18106
18108,18111
18126,18131
18134,18139
18144,18148
18149,18153
18154,18159
18160,18164
18165,18172
18175,18180
18195,18201
18202,18210
18212,18221
18248,18252
18253,18258
18260,18264
18266,18271
18273,18278
18282,18286
18288,18293
18295,18298
18301,18305
18308,18312
18313,18317
18319,18325
18327,18331
18332,18335
18336,18340
18346,18352
18354,18359
18393,18401
18403,18411
18413,18416
18417,18420
18421,18425
18426,18431
18432,18436
18437,18442
18443,18450
18456,18459
18464,18471
18472,18478
18489,18494
18501,18506
18508,18513
18515,18518
18520,18525
18535,18540
18542,18547
18549,18552
18553,18557
18562,18565
18574,18577
18578,18581
18595,18603
18605,18615
18617,18624
18625,18630
18631,18637
18638,18644
18645,18650
18651,18656
18657,18659
18673,18675
18687,18691
18695,18701
18703,18710
18716,18720
18721,18726
18739,18746
18747,18754
18756,18760
18761,18766
18771,18775
18777,18781
18786,18789
18791,18795
18811,18816
18817,18824
18827,18832
18833,18838
18847,18851
18854,18857
18859,18862
18867,18875
18878,18884
18887,18893
18894,18901
18914,18917
18918,18922
18923,18927
18928,18933
18934,18939
18940,18944
18945,18950
18951,18957
18959,18965
18976,18979
18980,18983
18984,18990
18992,18999
19001,19006
19008,19013
19024,19031
19032,19037
19038,19042
19044,19047
19057,19063
19071,19076
19077,19080
19081,19086
19087,19093
19095,19103
19111,19118
19119,19126
19151,19154
19155,19160
19162,19168
19170,19178
19179,19188
19201,19206
19208,19211
19212,19220
19222,19230
19231,19235
19239,19245
19259,19263
19264,19268
19270,19278
19279,19287
19288,19293
19301,19303
19305,19308
19310,19313
19314,19318
19327,19334
19336,19343
19345,19351
19353,19357
19360,19361
19364,19365
19368,19371
19373,19377
19383,19386
19387,19391
19396,19405
19406,19413
19414,19421
19423,19429
19431,19433
19434,19439
19440,19446
19447,19453
19466,19474
19475,19481
19488,19494
19495,19499
19501,19505
19507,19510
19511,19513
19514,19519
19520,19525
19530,19535
19536,19540
19541,19547
19553,19559
19560,19566
19584,19594
19596,19605
19606,19612
19613,19617
19620,19627
19628,19637
19638,19640
19642,19644
19646,19648
19650,19653
19655,19659
19661,19670
19671,19676
19678,19683
19692,19697
19698,19703
19715,19723
19725,19731
19743,19746
19748,19753
19755,19762
19787,19793
19799,19801
19802,19804
19805,19807
19808,19809
19817,19823
19824,19829
19832,19836
19837,19840
19855,19860
19861,19866
19884,19885
19886,19888
19921,19926
19931,19937
19939,19943
19945,19950
19959,19964
19965,19969
19971,19974
19979,19982
20002,20006
20008,20012
20016,20018
20019,20022
20027,20031
20032,20036
20038,20043
20044,20046
20047,20050
20051,20056
20057,20061
20081,20086
20087,20094
20095,20102
20103,20109
20110,20118
20126,20132
20140,20145
20150,20154
20155,20156
20157,20158
20159,20166
20167,20174
20181,20188
20190,20194
20231,20236
20237,20242
20243,20246
20247,20251
20252,20255
20261,20264
20265,20270
20272,20275
20277,20280
20281,20285
20286,20290
20291,20297
20298,20303
20304,20309
20311,20317
20319,20322
20323,20326
20335,20342
20357,20362
20364,20372
20388,20390
20391,20394
20395,20402
20403,20410
20411,20414
20415,20418
20419,20423
20428,20431
20432,20435
20447,20452
20464,20472
20474,20481
20483,20487
20489,20492
20493,20499
20500,20506
20512,20518
20520,20525
20527,20530
20531,20533
20534,20541
20542,20547
20548,20555
20556,20562
20569,20572
20578,20581
20585,20589
20600,20602
20611,20615
20616,20620
20621,20625
20637,20648
20650,20661
20662,20666
20671,20677
20678,20682
20683,20688
20689,20693
20694,20701
20702,20710
20711,20716
20719,20724
20727,20732
20739,20744
20749,20755
20758,20764
20766,20774
20775,20782
20783,20788
20790,20795
20797,20802
20805,20810
20815,20819
20820,20825
20826,20831
20851,20857
20858,20865
20873,20877
20878,20884
20890,20895
20896,20900
20903,20907
20931,20933
20939,20942
20943,20947
20949,20953
20954,20958
20961,20966
20969,20974
20975,20982
20983,20989
20991,20997
20999,21006
21014,21019
21021,21024
21039,21044
21045,21049
21050,21056
21058,21063
21066,21070
21071,21076
21077,21081
21082,21086
21091,21095
21096,21099
21101,21105
21106,21109
21113,21116
21118,21121
21123,21127
21128,21130
21145,21153
21154,21162
21166,21171
21172,21179
21194,21198
21199,21204
21205,21210
21211,21216
21217,21220
21222,21226
21254,21259
21260,21265
21278,21283
21288,21292
21293,21299
21314,21317
21319,21322
21330,21334
21336,21341
21343,21347
21348,21351
21352,21358
21360,21367
21375,21379
21381,21385
21391,21395
21397,21403
21405,21409
21412,21416
21419,21422
21423,21425
21439,21445
21446,21452
21453,21459
21460,21469
21470,21476
21485,21489
21491,21495
21503,21507
21508,21514
21515,21524
21526,21533
21535,21541
21545,21553
21568,21575
21576,21581
21582,21587
21588,21594
21595,21601
21602,21607
21612,21618
21621,21628
21630,21634
21635,21639
21640,21643
21644,21647
21660,21665
21666,21671
21676,21681
21682,21686
21691,21694
21695,21698
21699,21705
21706,21713
21714,21719
21720,21725
21726,21732
21733,21738
21741,21743
21749,21753
21755,21759
21766,21770
21772,21778
21787,21796
21797,21801
21802,21808
21809,21815
21816,21823
21826,21834
21836,21839
21841,21844
21856,21860
21861,21864
21888,21890
21892,21894
21896,21899
21901,21904
21906,21909
21911,21913
21936,21940
21942,21946
21947,21951
21953,21957
21960,21966
21969,21974
21976,21979
21980,21982
21989,21993
21994,21996
21997,22003
22004,22009
22010,22016
22018,22024
22035,22040
22041,22045
22074,22079
22086,22094
22095,22103
22104,22108
22109,22113
22114,22117
22119,22122
22124,22127
22128,22132
22136,22140
22141,22146
22156,22159
22180,22186
22188,22192
22195,22200
22203,22208
22227,22231
22232,22235
22242,22245
22246,22250
22269,22274
22276,22282
22284,22290
22291,22297
22310,22314
22315,22323
22326,22335
22342,22347
22348,22353
22362,22370
22372,22373
22374,22376
22381,22383
22384,22389
22390,22396
22397,22407
22408,22417
22418,22422
22423,22427
22428,22435
22442,22445
22446,22447
22450,22455
22487,22490
22491,22494
22503,22506
22507,22510
22512,22515
22516,22519
22520,22524
22526,22529
22530,22534
22535,22538
22539,22541
22543,22546
22548,22551
22552,22555
22556,22564
22566,22574
22575,22584
22594,22601
22602,22606
22607,22614
22615,22622
22623,22625
22629,22636
22637,22644
22645,22646
22647,22649
22650,22658
22674,22678
22679,22684
22685,22690
22692,22695
22696,22700
22704,22712
22713,22719
22720,22723
22730,22733
22735,22740
22741,22745
22766,22770
22771,22775
22783,22788
22789,22793
22794,22801
22803,22809
22811,22817
22819,22828
22829,22834
22835,22839
22844,22848
22849,22851
22861,22868
22870,22878
22879,22886
22888,22894
22895,22902
22903,22908
22909,22914
22915,22916
22917,22919
22929,22932
22937,22940
22942,22947
22949,22956
22959,22967
22994,22998
22999,23003
23030,23034
23036,23043
23059,23064
23065,23070
23079,23083
23084,23089
23092,23093
23102,23104
23105,23106
23107,23117
23118,23127
23128,23134
23141,23145
23184,23190
23192,23200
23202,23207
23208,23212
23213,23215
23217,23220
23227,23232
23233,23238
23246,23253
23255,23262
23282,23287
23291,23296
23299,23303
23304,23308
23312,23317
23319,23323
23325,23329
23330,23333
23334,23340
23341,23346
23355,23359
23360,23364
23366,23372
23373,23379
23380,23384
23385,23390
23391,23399
23401,23409
23411,23414
23415,23419
23428,23435
23436,23443
23466,23473
23474,23481
23496,23504
23506,23514
23516,23524
23526,23534
23536,23538
23541,23546
23548,23552
23554,23555
23556,23558
23559,23561
23562,23564
23577,23583
23584,23589
23601,23606
23607,23611
23612,23615
23616,23621
23622,23623
23625,23627
23629,23633
23634,23639
23641,23645
23646,23650
23651,23653
23655,23659
23661,23664
23665,23669
23670,23677
23678,23685
23686,23689
23690,23692
23702,23708
23709,23711
23713,23715
23724,23727
23729,23732
23735,23743
23744,23754
23756,23763
23764,23769
23789,23797
23798,23808
23809,23818
23819,23823
23825,23830
23831,23837
23839,23845
23847,23850
23855,23858
23878,23883
23885,23891
23900,23904
23905,23910
23957,23959
23964,23969
23980,23983
23984,23987
23993,23999
24005,24011
24012,24020
24021,24029
24030,24038
24040,24049
24051,24060
24067,24073
24075,24083
24085,24095
24096,24099
24101,24105
24107,24110
24114,24121
24122,24129
24135,24138
24139,24143
24145,24148
24149,24152
24159,24164
24166,24169
24180,24188
24189,24193
24195,24200
24203,24206
24208,24213
24214,24221
24222,24229
24230,24233
24237,24243
24245,24250
24251,24254
24255,24257
24258,24265
24286,24291
24293,24295
24297,24300
24301,24304
24315,24323
24324,24334
24336,24339
24346,24349
24350,24355
24361,24364
24365,24371
24372,24374
24375,24379
24380,24384
24386,24392
24394,24400
24402,24408
24411,24418
24420,24427
24429,24436
24445,24451
24452,24458
24459,24461
24462,24464
24465,24470
24471,24476
24488,24491
24492,24496
24514,24520
24521,24526
24527,24531
24533,24536
24567,24574
24576,24582
24584,24589
24593,24598
24602,24606
24608,24611
24624,24627
24631,24636
24655,24662
24663,24665
24667,24669
24671,24682
24683,24694
24695,24696
24697,24699
24704,24708
24709,24712
24744,24749
24750,24758
24771,24779
24781,24787
24792,24796
24797,24800
24801,24804
24805,24808
24810,24815
24817,24825
24826,24833
24834,24837
24838,24840
24841,24847
24848,24853
24863,24868
24869,24873
24874,24878
24881,24887
24911,24915
24916,24920
24936,24943
24950,24958
24959,24968
24978,24981
24986,24991
24992,24995
25032,25037
25038,25049
25050,25058
25059,25063
25065,25069
25070,25073
25074,25077
25086,25088
25090,25092
25093,25100
25101,25110
25120,25123
25125,25127
25139,25142
25143,25147
25148,25152
25153,25160
25161,25167
25168,25174
25175,25183
25194,25197
25199,25203
25219,25223
25227,25234
25235,25242
25272,25278
25310,25314
25315,25318
25319,25322
25323,25328
25329,25336
25338,25343
25361,25365
25368,25372
25373,25376
25378,25381
25392,25397
25399,25405
25407,25413
25418,25425
25426,25432
25433,25437
25440,25444
25447,25450
25451,25456
25458,25463
25465,25472
25474,25480
25482,25484
25485,25489
25491,25499
25502,25510
25520,25523
25524,25528
25550,25553
25554,25556
25560,25563
25567,25569
25570,25576
25578,25584
25586,25590
25591,25594
25596,25601
25603,25608
25622,25624
25625,25632
25633,25640
25641,25650
25651,25660
25661,25664
25666,25669
25670,25672
25673,25675
25676,25678
25679,25682
25683,25684
25685,25686
25693,25697
25698,25705
25706,25711
25713,25719
25720,25727
25728,25734
25735,25743
25745,25753
25755,25761
25769,25772
25773,25778
25779,25782
25785,25792
25794,25802
25811,25817
25818,25824
25825,25827
25840,25846
25848,25854
25856,25862
25864,25872
25875,25877
25878,25879
25880,25889
25891,25898
25902,25904
25906,25907
25911,25916
25917,25922
25925,25931
25933,25938
25939,25940
25941,25943
25944,25950
25951,25955
25956,25963
25966,25972
25975,25979
25980,25984
25997,26002
26003,26007
26008,26015
26017,26024
26026,26030
26031,26036
26041,26048
26049,26052
26053,26056
26057,26062
26064,26067
26069,26078
26079,26088
26092,26102
26103,26111
26112,26118
26135,26142
26147,26154
26158,26164
26170,26175
26176,26181
26182,26186
26187,26192
26193,26198
26200,26207
26225,26228
26229,26234
26242,26251
26255,26265
26280,26282
26286,26290
26291,26296
26297,26301
26307,26311
26312,26315
26316,26318
26319,26325
26326,26330
26332,26336
26358,26361
26362,26365
26373,26376
26395,26405
26406,26415
26419,26420
26421,26426
26428,26432
26437,26441
26455,26462
26463,26466
26468,26474
26476,26480
26482,26487
26488,26492
26493,26502
26503,26511
26512,26514
26517,26519
26522,26527
26553,26560
26561,26567
26574,26578
26579,26584
26588,26593
26597,26602
26603,26608
26616,26621
26622,26628
26652,26661
26662,26667
26669,26672
26673,26676
26677,26681
26683,26690
26692,26693
26695,26698
26712,26714
26715,26720
26721,26725
26726,26731
26733,26738
26749,26756
26762,26767
26768,26774
26778,26782
26792,26796
26799,26807
26814,26821
26822,26831
26832,26836
26839,26843
26845,26850
26851,26856
26857,26861
26862,26866
26867,26869
26872,26877
26878,26883
26885,26892
26893,26899
26900,26905
26913,26917
26918,26923
26932,26938
26939,26945
26947,26950
26968,26975
26976,26984
26985,26992
26993,26999
27000,27004
27023,27030
27031,27034
27037,27042
27043,27046
27048,27051
27053,27056
27057,27058
27063,27067
27082,27085
27086,27093
27098,27104
27108,27114
27116,27122
27128,27133
27134,27138
27140,27143
27145,27147
27151,27154
27155,27158
27160,27164
27165,27168
27184,27190
27192,27197
27201,27203
27204,27210
27211,27218
27240,27246
27247,27253
27260,27263
27264,27268
27283,27288
27289,27291
27292,27295
27296,27301
27303,27309
27310,27316
27317,27325
27327,27335
27347,27352
27353,27360
27362,27367
27368,27376
27377,27382
27383,27388
27397,27402
27403,27409
27421,27432
27433,27441
27447,27456
27457,27462
27463,27470
27482,27489
27491,27497
27499,27505
27507,27513
27515,27519
27521,27524
27525,27531
27533,27539
27547,27552
27555,27557
27558,27564
27567,27573
27576,27581
27584,27592
27594,27601
27602,27610
27618,27624
27641,27645
27647,27651
27653,27660
27661,27668
27675,27680
27682,27689
27690,27697
27699,27703
27705,27710
27731,27734
27736,27739
27742,27748
27751,27758
27770,27772
27773,27776
27785,27792
27793,27799
27800,27805
27806,27813
27814,27819
27822,27826
27829,27831
27833,27835
27841,27848
27849,27856
27857,27858
27859,27860
27861,27863
27864,27866
27867,27874
27876,27884
27886,27891
27893,27898
27900,27901
27904,27906
27908,27916
27918,27929
27931,27935
27936,27938
27940,27942
27943,27946
27947,27950
27951,27954
27955,27959
27961,27965
27967,27976
27979,27986
27988,27990
27994,27997
28002,28003
28005,28006
28009,28018
28020,28028
28031,28034
28035,28040
28041,28045
28047,28050
28051,28054
28056,28059
28062,28067
28068,28072
28087,28091
28092,28097
28099,28104
28106,28111
28113,28116
28118,28125
28126,28132
28145,28147
28148,28150
28160,28167
28169,28173
28175,28182
28185,28189
28191,28195
28218,28229
28230,28241
28242,28245
28246,28249
28250,28254
28256,28259
28261,28267
28268,28274
28275,28280
28281,28283
28284,28287
28288,28291
28293,28297
28298,28300
28301,28304
28305,28307
28309,28313
28314,28319
28330,28332
28336,28338
28349,28353
28356,28360
28363,28367
28368,28371
28372,28377
28379,28383
28403,28410
28412,28418
28433,28438
28439,28442
28443,28448
28450,28455
28471,28479
28486,28491
28492,28498
28507,28513
28514,28520
28522,28531
28533,28537
28542,28545
28547,28550
28571,28579
28580,28587
28589,28592
28593,28596
28597,28606
28608,28617
28619,28624
28626,28632
28635,28639
28641,28643
28647,28651
28656,28660
28662,28666
28686,28689
28690,28694
28695,28703
28704,28710
28711,28714
28715,28719
28725,28731
28732,28737
28739,28746
28756,28758
28759,28763
28770,28777
28778,28784
28785,28790
28791,28796
28797,28803
28804,28808
28809,28813
28828,28835
28841,28846
28849,28854
28856,28859
28860,28862
28904,28911
28918,28919
28920,28928
28929,28936
28948,28954
28957,28962
28964,28966
28967,28973
28974,28979
28980,28987
28994,29003
29004,29012
29037,29040
29041,29045
29047,29051
29052,29057
29060,29066
29069,29073
29074,29078
29079,29084
29085,29090
29091,29100
29102,29109
29128,29132
29141,29146
29148,29149
29152,29155
29157,29162
29163,29168
29169,29178
29181,29189
29191,29196
29198,29202
29208,29212
29214,29222
29231,29235
29236,29241
29242,29245
29247,29250
29252,29261
29262,29272
29282,29287
29288,29295
29339,29344
29345,29352
29354,29356
29357,29361
29364,29369
29371,29377
29379,29384
29392,29397
29398,29401
29402,29408
29409,29415
29437,29442
29445,29451
29453,29458
29459,29465
29467,29469
29472,29479
29481,29488
29490,29495
29496,29501
29502,29506
29507,29512
29514,29520
29522,29529
29537,29541
29567,29575
29576,29584
29591,29594
29596,29599
29602,29607
29612,29616
29618,29622
29642,29644
29645,29648
29649,29655
29656,29661
29694,29699
29701,29706
29708,29714
29716,29723
29724,29734
29737,29746
29747,29752
29753,29758
29759,29765
29766,29771
29772,29780
29782,29789
29791,29795
29833,29840
29843,29848
29850,29857
29859,29867
29868,29876
29877,29884
29886,29890
29891,29897
29906,29911
29915,29917
29918,29924
29925,29930
29938,29946
29947,29954
29956,29963
29965,29969
29970,29974
29975,29979
29980,29984
29992,29997
29998,30000
30002,30004
30015,30024
30031,30038
30040,30045
30046,30052
30053,30060
30061,30063
30066,30069
30075,30080
30082,30087
30089,30092
30093,30095
30096,30099
30100,30104
30123,30129
30131,30137
30139,30147
30149,30155
30173,30177
30183,30184
30186,30188
30190,30194
30196,30199
30201,30203
30253,30260
30261,30269
30270,30275
30276,30280
30281,30286
30287,30293
30294,30297
30336,30339
30340,30343
30344,30348
30349,30354
30364,30373
30374,30378
30382,30385
30402,30404
30405,30411
30412,30417
30418,30421
30422,30425
30426,30430
30432,30435
30443,30446
30447,30452
30459,30465
30466,30473
30474,30477
30479,30483
30485,30496
30498,30508
30510,30514
30515,30518
30519,30523
30541,30547
30548,30553
30565,30572
30575,30581
30584,30586
30587,30591
30592,30598
30599,30604
30605,30608
30609,30612
30613,30617
30618,30624
30626,30630
30632,30636
30638,30640
30641,30644
30651,30657
30659,30661
30691,30698
30715,30717
30726,30730
30738,30739
30752,30758
30760,30767
30775,30781
30791,30793
30794,30797
30828,30837
30838,30843
30844,30848
30849,30852
30853,30858
30872,30879
30895,30901
30903,30908
30910,30916
30918,30924
30926,30934
30935,30942
30950,30957
30959,30963
30965,30970
30972,30979
30980,30983
30984,30987
30988,30994
30995,31001
31005,31009
31021,31025
31026,31030
31036,31039
31040,31045
31047,31051
31053,31058
31059,31064
31065,31074
31075,31083
31123,31126
31135,31144
31152,31158
31159,31162
31164,31167
31169,31171
31172,31176
31185,31192
31226,31229
31232,31235
31238,31241
31244,31246
31249,31254
31258,31263
31264,31269
31270,31273
31274,31275
31284,31289
31297,31305
31306,31312
31315,31320
31330,31334
31336,31340
31341,31348
31363,31368
31369,31373
31374,31379
31381,31385
31396,31402
31403,31409
31411,31419
31421,31428
31430,31435
31437,31442
31444,31447
31448,31451
31476,31484
31485,31494
31500,31504
31506,31509
31526,31533
31538,31544
31546,31552
31555,31559
31560,31563
31564,31567
31569,31572
31590,31597
31600,31606
31610,31612
31632,31635
31636,31639
31651,31658
31661,31666
31668,31672
31696,31701
31704,31707
31709,31712
31714,31718
31723,31729
31731,31737
31753,31755
31756,31759
31760,31764
31767,31771
31773,31776
31778,31782
31784,31788
31789,31796
31797,31801
31802,31806
31807,31810
31812,31816
31831,31837
31838,31845
31846,31851
31869,31871
31872,31874
31875,31879
31886,31891
31892,31898
31899,31905
31906,31912
31919,31923
31924,31927
31928,31930
31931,31938
31940,31946
31964,31972
31973,31980
31982,31985
31989,31997
32007,32012
32016,32020
32021,32024
32029,32032
32033,32039
32041,32046
32054,32056
32057,32062
32074,32083
32085,32093
32095,32102
32103,32110
32111,32114
32115,32118
32119,32126
32127,32134
32135,32139
32140,32143
32153,32157
32158,32162
32163,32168
32170,32175
32177,32183
32186,32192
32195,32200
32202,32207
32209,32212
32213,32216
32217,32224
32237,32242
32243,32254
32255,32265
32266,32269
32270,32273
32274,32278
32279,32285
32286,32293
32294,32302
32303,32307
32308,32312
32313,32316
32332,32336
32337,32339
32340,32346
32347,32351
32352,32358
32359,32366
32369,32375
32398,32403
32405,32411
32415,32417
32418,32423
32425,32430
32431,32436
32437,32442
32443,32449
32450,32456
32457,32463
32464,32470
32480,32485
32486,32493
32494,32497
32498,32502
32509,32515
32528,32535
32536,32543
32570,32575
32576,32582
32593,32600
32602,32609
32611,32615
32616,32621
32622,32626
32627,32632
32633,32643
32645,32652
32667,32674
32675,32682
32699,32702
32703,32708
32710,32715
32737,32742
32743,32746
32759,32763
32764,32768
32774,32776
32777,32784
32786,32792
32794,32800
32801,32806
32811,32819
32821,32830
32833,32838
32842,32845
32848,32852
32854,32860
32879,32886
32887,32892
32893,32898
32899,32905
32906,32912
32914,32919
32929,32936
32938,32944
32945,32951
32954,32960
32961,32963
32964,32967
32968,32973
32980,32987
32988,32993
32994,32999
33015,33019
33020,33024
33042,33050
33052,33058
33060,33062
33064,33066
33068,33074
33075,33081
33082,33088
33089,33093
33094,33100
33102,33106
33107,33110
33112,33115
33116,33122
33124,33131
33140,33144
33145,33149
33167,33171
33172,33179
33181,33187
33189,33193
33196,33204
33205,33213
33230,33233
33235,33239
33240,33247
33248,33251
33252,33257
33260,33265
33268,33273
33274,33282
33284,33293
33295,33304
33307,33311
33312,33316
33317,33322
33323,33328
33329,33333
33336,33339
33341,33343
33344,33346
33359,33362
33363,33364
33365,33370
33371,33377
33385,33389
33390,33395
33412,33416
33418,33422
33424,33426
33428,33430
33432,33438
33440,33447
33456,33463
33464,33468
33473,33476
33480,33486
33487,33492
33498,33502
33512,33517
33518,33522
33523,33531
33533,33539
33541,33543
33544,33550
33563,33568
33570,33576
33577,33581
33583,33588
33590,33595
33601,33609
33610,33618
33641,33645
33647,33651
33652,33654
33655,33657
33658,33666
33667,33673
33680,33686
33687,33693
33703,33705
33706,33708
33709,33716
33718,33727
33730,33733
33736,33740
33741,33746
33747,33751
33752,33757
33767,33771
33772,33776
33778,33781
33782,33786
33787,33789
33790,33792
33801,33805
33807,33811
33812,33819
33820,33825
33826,33829
33830,33836
33837,33844
33845,33850
33851,33854
33860,33863
33877,33887
33888,33895
33896,33900
33902,33907
33913,33918
33921,33927
33944,33951
33953,33959
33979,33983
33985,33991
34025,34029
34030,34035
34036,34043
34045,34050
34054,34056
34061,34069
34071,34074
34075,34078
34082,34084
34097,34101
34102,34106
34107,34112
34113,34119
34123,34128
34129,34137
34138,34145
34146,34151
34152,34155
34157,34161
34162,34169
34171,34177
34185,34190
34191,34201
34203,34212
34213,34218
34219,34225
34226,34228
34229,34231
34232,34234
34235,34240
34242,34247
34248,34255
34257,34261
34262,34267
34269,34276
34277,34286
34287,34293
34294,34297
34298,34302
34318,34324
34325,34329
34330,34333
34336,34341
34344,34348
34349,34352
34353,34357
34359,34364
34366,34370
34371,34374
34375,34379
34383,34388
34391,34397
34399,34403
34406,34407
34418,34424
34426,34432
34446,34452
34457,34461
34463,34466
34467,34471
34472,34478
34479,34481
34482,34484
34485,34492
34494,34500
34501,34504
34508,34512
34513,34518
34520,34523
34528,34531
34532,34536
34571,34576
34577,34580
34581,34584
34585,34588
34589,34593
34594,34597
34598,34601
34603,34606
34607,34612
34613,34617
34618,34620
34621,34625
34626,34629
34631,34633
34634,34637
34639,34641
34642,34647
34649,34656
34658,34662
34667,34671
34672,34677
34678,34680
34681,34684
34685,34691
34695,34699
34703,34707
34708,34713
34715,34718
34724,34728
34737,34741
34743,34749
34750,34756
34757,34763
34764,34768
34770,34774
34777,34781
34783,34786
34788,34791
34793,34797
34799,34806
34807,34813
34814,34821
34823,34830
34832,34840
34842,34848
34850,34854
34856,34862
34864,34869
34875,34879
34880,34886
34888,34895
34896,34902
34903,34907
34908,34912
34913,34918
34920,34925
34935,34941
34943,34948
34950,34955
34956,34961
34962,34965
34966,34970
34971,34976
34977,34981
34982,34986
34990,34993
35017,35018
35019,35020
35021,35029
35031,35039
35041,35048
35049,35055
35056,35059
35061,35064
35075,35082
35085,35092
35104,35109
35111,35114
35116,35118
35120,35121
35136,35139
35140,35142
35143,35147
35148,35153
35154,35161
35162,35168
35169,35178
35179,35185
35204,35210
35211,35216
35217,35221
35223,35228
35230,35234
35239,35247
35248,35254
35261,35265
35266,35269
35280,35286
35287,35293
35294,35299
35300,35303
35304,35311
35313,35322
35323,35327
35330,35333
35335,35337
35340,35348
35350,35358
35360,35364
35365,35369
35370,35374
35375,35379
35380,35384
35385,35391
35394,35398
35399,35403
35405,35411
35422,35429
35442,35448
35449,35454
35455,35458
35459,35464
35465,35469
35472,35477
35494,35497
35498,35503
35504,35509
35510,35517
35518,35525
35526,35530
35532,35536
35547,35549
35553,35561
35562,35568
35588,35593
35637,35643
35646,35652
35654,35660
35661,35666
35683,35686
35687,35691
35702,35707
35708,35712
35713,35718
35719,35722
35728,35731
35732,35738
35740,35745
35747,35749
35750,35753
35754,35756
35762,35764
35768,35775
35777,35783
35789,35793
35795,35799
35801,35804
35806,35811
35820,35827
35828,35836
35844,35847
35848,35849
35850,35858
35859,35866
35867,35871
35872,35877
35885,35891
35892,35897
35902,35907
35908,35912
35914,35917
35923,35930
35937,35943
35945,35951
35952,35958
35959,35966
35968,35975
35976,35980
35984,35987
36015,36017
36018,36024
36025,36030
36032,36036
36038,36041
36049,36054
36057,36063
36065,36069
36070,36075
36077,36082
36089,36092
36093,36096
36108,36115
36116,36123
36124,36129
36130,36138
36139,36145
36147,36150
36162,36167
36171,36177
36178,36183
36184,36187
36190,36193
36195,36200
36202,36208
36233,36237
36238,36244
36246,36254
36256,36261
36262,36268
36269,36273
36274,36280
36282,36288
36293,36299
36300,36305
36316,36326
36327,36332
36334,36339
36340,36343
36344,36345
36347,36354
36361,36367
36368,36372
36373,36376
36379,36382
36386,36392
36393,36399
36400,36405
36407,36410
36412,36415
36416,36418
36425,36428
36438,36443
36444,36449
36452,36457
36459,36466
36468,36471
36473,36478
36480,36481
36485,36490
36492,36498
36499,36505
36506,36512
36513,36516
36519,36524
36525,36529
36530,36537
36556,36558
36591,36597
36599,36604
36606,36611
36612,36617
36618,36623
36625,36629
36630,36637
36640,36648
36657,36660
36662,36665
36667,36678
36680,36690
36701,36705
36711,36718
36720,36725
36729,36734
36735,36740
36741,36746
36748,36754
36755,36761
36771,36777
36789,36793
36795,36800
36810,36818
36819,36825
36826,36832
36833,36838
36841,36846
36849,36852
36853,36856
36872,36878
36879,36882
36907,36910
36912,36916
36919,36924
36926,36932
36934,36942
36943,36950
36965,36970
36971,36976
36977,36979
36980,36983
36988,36993
36994,36998
36999,37006
37009,37015
37017,37023
37025,37031
37033,37040
37041,37048
37050,37056
37057,37061
37063,37066
37068,37071
37072,37076
37078,37082
37083,37087
37088,37091
37092,37097
37100,37106
37107,37111
37112,37117
37119,37123
37125,37128
37131,37137
37138,37144
37150,37154
37169,37172
37177,37187
37188,37195
37196,37201
37202,37206
37207,37214
37217,37224
37226,37234
37235,37241
37242,37247
37248,37253
37265,37267
37268,37271
37272,37275
37276,37280
37281,37285
37294,37298
37299,37302
37314,37318
37341,37342
37343,37344
37345,37350
37352,37359
37362,37365
37366,37370
37388,37394
37395,37400
37401,37407
37408,37416
37418,37422
37424,37427
37428,37429
37431,37433
37441,37446
37473,37480
37482,37488
37490,37495
37497,37503
37521,37524
37525,37529
37530,37534
37535,37542
37543,37549
37556,37562
37563,37567
37569,37573
37575,37581
37582,37587
37592,37595
37597,37602
37603,37608
37624,37628
37634,37637
37638,37643
37644,37651
37652,37655
37657,37661
37663,37669
37671,37679
37690,37696
37697,37703
37707,37714
37720,37723
37724,37729
37730,37737
37741,37745
37746,37753
37755,37762
37765,37768
37769,37772
37774,37784
37786,37794
37805,37807
37809,37813
37822,37826
37828,37834
37836,37839
37840,37844
37845,37848
37849,37852
37864,37867
37868,37872
37879,37886
37896,37901
37904,37910
37911,37915
37917,37923
37939,37942
37943,37946
37947,37953
37955,37961
37964,37967
37968,37971
37972,37977
38009,38018
38019,38027
38054,38065
38077,38082
38083,38088
38106,38113
38114,38121
38123,38128
38131,38137
38140,38143
38144,38146
38147,38152
38153,38158
38160,38167
38169,38176
38178,38181
38182,38185
38186,38191
38193,38201
38206,38207
38236,38241
38243,38249
38255,38261
38262,38268
38277,38280
38281,38284
38296,38301
38314,38320
38321,38322
38325,38326
38329,38332
38333,38336
38355,38360
38361,38366
38373,38376
38377,38380
38381,38384
38385,38389
38390,38399
38400,38409
38433,38439
38440,38447
38449,38453
38456,38462
38465,38470
38471,38476
38486,38491
38498,38507
38509,38518
38523,38527
38528,38534
38536,38541
38543,38547
38550,38554
38563,38565
38567,38569
38572,38576
38583,38585
38595,38602
38604,38609
38611,38615
38617,38622
38628,38635
38637,38645
38664,38670
38671,38677
38678,38683
38684,38688
38689,38696
38698,38706
38707,38713
38715,38720
38728,38735
38736,38743
38745,38751
38754,38756
38757,38760
38761,38764
38767,38770
38775,38778
38789,38793
38794,38798
38807,38812
38813,38820
38823,38827
38828,38833
38834,38840
38848,38849
38852,38854
38855,38861
38863,38869
38871,38873
38878,38884
38893,38896
38897,38900
38901,38903
38905,38907
38909,38913
38937,38942
38944,38947
38953,38955
38956,38957
38968,38971
38973,38977
39002,39004
39005,39007
39008,39015
39016,39021
39022,39028
39029,39034
39035,39039
39042,39046
39048,39055
39067,39070
39093,39099
39105,39109
39110,39113
39114,39120
39121,39127
39128,39134
39136,39142
39144,39147
39148,39152
39153,39156
39157,39160
39161,39168
39171,39178
39190,39194
39197,39201
39221,39226
39229,39234
39237,39244
39245,39252
39261,39266
39271,39274
39279,39282
39283,39287
39293,39297
39302,39308
39309,39314
39315,39318
39319,39322
39352,39359
39360,39370
39371,39377
39393,39400
39401,39404
39405,39408
39409,39417
39418,39426
39427,39431
39432,39436
39437,39444
39447,39453
39456,39459
39460,39464
39465,39467
39468,39471
39472,39475
39476,39477
39478,39482
39483,39486
39502,39509
39510,39518
39522,39525
39526,39531
39532,39537
39538,39541
39544,39547
39555,39558
39559,39564
39576,39584
39592,39595
39596,39602
39603,39608
39609,39614
39616,39620
39622,39626
39628,39632
39634,39639
39641,39644
39648,39651
39652,39655
39656,39659
39660,39662
39663,39673
39688,39694
39695,39699
39700,39702
39703,39712
39713,39722
39723,39728
39729,39734
39736,39741
39748,39752
39755,39760
39761,39766
39768,39773
39777,39779
39780,39781
39782,39786
39788,39790
39793,39796
39799,39803
39805,39810
39811,39818
39821,39827
39830,39832
39833,39836
39854,39858
39860,39864
39866,39870
39871,39874
39875,39877
39878,39881
39909,39914
39915,39920
39921,39927
39942,39946
39975,39981
39982,39988
39989,39992
39993,39998
40007,40016
40018,40028
40030,40037
40038,40044
40050,40053
40054,40060
40069,40071
40072,40075
40076,40080
40081,40086
40087,40093
40107,40110
40111,40115
40116,40121
40122,40127
40128,40133
40134,40137
40163,40167
40168,40173
40174,40180
40181,40188
40203,40207
40210,40215
40216,40221
40223,40228
40230,40233
40235,40238
40246,40251
40252,40257
40259,40265
40267,40271
40272,40275
40311,40316
40317,40323
40330,40337
40338,40343
40344,40348
40350,40354
40356,40359
40360,40365
40368,40371
40372,40380
40383,40389
40390,40393
40394,40396
40397,40403
40405,40411
40414,40421
40430,40437
40439,40446
40447,40455
40456,40464
40466,40472
40473,40479
40480,40483
40484,40488
40489,40496
40497,40502
40517,40523
40525,40532
40544,40551
40557,40560
40562,40566
40568,40570
40572,40573
40577,40579
40580,40586
40587,40595
40606,40611
40612,40619
40649,40651
40652,40655
40656,40665
40667,40674
40676,40678
40683,40686
40687,40689
40692,40695
40711,40716
40718,40722
40748,40752
40754,40758
40765,40769
40770,40775
40776,40780
40781,40785
40786,40789
40790,40796
40797,40803
40804,40807
40808,40810
40832,40835
40840,40841
40842,40843
40844,40853
40854,40860
40861,40863
40866,40868
40875,40878
40885,40888
40889,40893
40894,40900
40903,40908
40910,40915
40916,40922
40923,40927
40931,40936
40941,40945
40946,40950
40951,40952
40955,40956
40959,40963
40965,40970
40972,40975
40978,40981
40999,41003
41008,41011
41024,41029
41032,41036
41038,41045
41046,41051
41052,41055
41059,41067
41068,41077
41080,41085
41087,41092
41097,41099
41100,41102
41103,41107
41113,41119
41120,41128
41129,41137
41138,41143
41144,41149
41150,41154
41155,41161
41162,41168
41169,41175
41176,41178
41185,41191
41192,41198
41199,41205
41207,41216
41217,41224
41225,41230
41232,41238
41240,41247
41249,41256
41258,41264
41265,41272
41273,41277
41278,41281
41282,41286
41287,41291
41292,41299
41319,41322
41323,41326
41327,41333
41334,41338
41339,41344
41346,41352
41354,41359
41360,41366
41367,41376
41377,41388
41389,41394
41396,41402
41404,41410
41412,41417
41429,41434
41435,41441
41445,41447
41462,41465
41466,41472
41474,41479
41481,41485
41486,41492
41493,41495
41497,41500
41502,41512
41514,41525
41540,41548
41550,41559
41561,41569
41571,41581
41595,41599
41601,41605
41616,41619
41620,41624
41625,41626
41635,41638
41640,41643
41645,41653
41663,41666
41674,41677
41678,41683
41684,41689
41690,41696
41697,41701
41724,41731
41732,41740
41741,41745
41746,41750
41775,41779
41785,41790
41791,41793
41797,41800
41801,41805
41806,41812
41823,41829
41830,41836
41838,41842
41843,41848
41859,41864
41866,41871
41877,41881
41883,41886
41887,41892
41894,41897
41899,41904
41906,41911
41916,41920
41927,41929
41930,41938
41939,41946
41947,41952
41953,41959
41962,41965
41966,41971
41979,41985
42002,42006
42008,42012
42013,42016
42017,42020
42029,42035
42037,42043
42044,42046
42047,42050
42051,42060
42062,42073
42076,42080
42082,42090
42093,42097
42098,42100
42137,42141
42165,42167
42169,42171
42176,42179
42180,42187
42189,42193
42194,42198
42199,42203
42231,42238
42247,42251
42252,42259
42260,42263
42264,42268
42270,42272
42283,42288
42289,42295
42296,42300
42301,42305
42306,42311
42312,42316
42317,42322
42323,42329
42330,42335
42336,42340
42341,42350
42351,42359
42360,42364
42368,42372
42376,42381
42384,42389
42392,42399
42429,42437
42439,42446
42448,42458
42460,42471
42473,42478
42479,42484
42488,42492
42502,42508
42509,42517
42519,42525
42528,42533
42536,42539
42544,42546
42550,42556
42557,42562
42563,42570
42571,42578
42589,42594
42595,42601
42603,42610
42611,42618
42626,42629
42630,42635
42636,42642
42651,42658
42659,42667
42676,42680
42682,42687
42690,42694
42695,42700
42701,42708
42709,42716
42717,42725
42726,42734
42748,42752
42753,42755
42756,42760
42762,42766
42769,42772
42774,42779
42781,42784
42786,42789
42791,42795
42796,42800
42802,42806
42811,42820
42821,42827
42835,42837
42863,42866
42867,42869
42870,42871
42872,42877
42878,42882
42883,42890
42892,42895
42897,42904
42905,42912
42913,42917
42919,42923
42925,42928
42929,42932
42933,42936
42937,42940
42945,42949
42950,42953
42967,42976
42978,42988
42990,42993
42994,42997
42998,43005
43007,43013
43015,43022
43024,43028
43029,43034
43036,43039
43041,43045
43046,43050
43051,43058
43059,43066
43070,43074
43089,43095
43096,43101
43102,43105
43106,43113
43115,43121
43122,43129
43141,43143
43145,43147
43148,43156
43157,43165
43179,43183
43184,43187
43189,43193
43194,43198
43199,43209
43220,43228
43229,43237
43238,43245
43246,43252
43264,43270
43271,43275
43318,43320
43321,43323
43324,43327
43328,43331
43340,43343
43344,43347
43348,43352
43354,43359
43361,43365
43367,43373
43399,43403
43404,43407
43422,43428
43429,43436
43437,43444
43445,43452
43453,43456
43458,43460
43468,43474
43486,43491
43492,43496
43497,43502
43504,43511
43513,43518
43520,43524
43525,43531
43533,43539
43540,43545
43546,43550
43553,43555
43557,43559
43568,43573
43574,43579
43580,43585
43587,43592
43593,43598
43600,43604
43620,43625
43626,43633
43635,43643
43645,43653
43656,43664
43670,43672
43691,43697
43698,43703
43713,43717
43718,43720
43721,43724
43725,43728
43735,43741
43742,43748
43749,43755
43756,43762
43764,43769
43772,43775
43777,43782
43784,43792
43794,43803
43830,43835
43837,43842
43844,43848
43849,43853
43854,43858
43859,43862
43863,43867
43868,43873
43879,43885
43922,43924
43925,43928
43933,43936
43937,43942
43943,43947
43948,43953
43954,43960
43961,43965
43966,43970
43977,43981
43984,43989
43992,43997
43999,44004
44006,44009
44016,44019
44020,44025
44027,44033
44034,44042
44044,44052
44055,44059
44060,44064
44065,44069
44070,44075
44076,44078
44079,44081
44091,44099
44100,44108
44120,44124
44131,44137
44138,44144
44146,44151
44153,44163
44166,44176
44179,44183
44184,44187
44189,44197
44198,44205
44207,44213
44214,44218
44219,44226
44227,44234
44235,44240
44241,44246
44256,44259
44260,44264
44266,44273
44274,44282
44284,44290
44291,44295
44296,44302
44303,44308
44309,44313
44314,44321
44332,44336
44338,44342
44344,44346
44348,44353
44355,44362
44363,44369
44370,44376
44383,44387
44388,44392
44393,44399
44401,44406
44407,44409
44410,44412
44413,44421
44424,44434
44449,44454
44455,44461
44480,44484
44485,44490
44491,44495
44496,44501
44502,44506
44525,44528
44533,44538
44539,44542
44556,44561
44562,44568
44569,44576
44577,44582
44584,44589
44591,44602
44605,44616
44618,44623
44624,44629
44648,44651
44653,44657
44686,44690
44691,44696
44697,44700
44702,44706
44708,44710
44714,44719
44720,44724
44731,44738
44739,44746
44747,44753
44756,44764
44771,44776
44777,44784
44785,44791
44792,44795
44796,44799
44800,44802
44805,44808
44811,44813
44814,44816
44817,44823
44825,44828
44830,44835
44837,44842
44844,44849
44850,44854
44855,44857
44858,44863
44865,44873
44883,44888
44890,44895
44896,44905
44906,44916
