uncorrupt_phrase_line_num,corrupt_phrase_line_num
1,3
8,10
18,20
26,28
32,34
35,37
42,44
49,51
55,57
62,64
67,69
71,73
79,81
87,89
93,95
101,103
108,110
115,117
122,124
130,132
135,137
141,143
147,149
154,156
161,163
166,168
172,174
181,183
191,193
197,199
202,204
209,211
218,220
224,226
229,231
233,235
238,240
246,248
256,258
262,264
268,270
271,273
276,278
280,282
284,286
289,291
298,300
305,307
312,314
316,318
319,321
324,326
330,332
335,337
339,341
346,348
353,355
361,363
373,375
381,383
388,390
393,395
396,398
403,405
409,411
413,415
417,419
421,423
426,428
431,433
437,439
448,450
455,457
460,462
465,467
473,475
479,481
483,485
488,490
498,500
507,509
513,515
522,524
532,534
540,542
546,548
552,554
558,560
562,564
565,567
569,571
573,575
579,581
583,585
588,590
594,596
598,600
602,604
606,608
617,619
627,629
632,634
635,637
640,642
645,647
653,655
662,664
665,667
672,674
679,681
684,686
700,702
704,706
710,712
722,724
732,734
739,741
748,750
754,756
759,761
762,764
769,771
774,776
778,780
784,786
791,793
794,796
799,801
805,807
810,812
814,816
821,823
826,828
833,835
839,841
846,848
851,853
857,859
864,866
870,872
874,876
880,882
884,886
891,893
897,899
904,906
912,914
920,922
926,928
932,934
937,939
943,945
948,950
959,961
967,969
976,978
983,985
988,990
995,997
998,1000
1001,1003
1006,1008
1010,1012
1019,1021
1025,1027
1031,1033
1038,1040
1043,1045
1050,1052
1057,1059
1062,1064
1070,1072
1074,1076
1078,1080
1091,1093
1103,1105
1111,1113
1121,1123
1129,1131
1138,1140
1146,1148
1159,1161
1170,1172
1184,1186
1191,1193
1198,1200
1203,1205
1215,1217
1218,1220
1221,1223
1230,1232
1237,1239
1242,1244
1248,1250
1252,1254
1256,1258
1264,1266
1270,1272
1277,1279
1285,1287
1292,1294
1300,1302
1304,1306
1309,1311
1314,1316
1319,1321
1323,1325
1330,1332
1340,1342
1350,1352
1354,1356
1358,1360
1364,1366
1369,1371
1376,1378
1380,1382
1384,1386
1387,1389
1394,1396
1404,1406
1411,1413
1422,1424
1429,1431
1437,1439
1444,1446
1452,1454
1459,1461
1464,1466
1470,1472
1480,1482
1489,1491
1494,1496
1500,1502
1510,1512
1519,1521
1525,1527
1530,1532
1535,1537
1540,1542
1548,1550
1554,1556
1558,1560
1562,1564
1569,1571
1574,1576
1579,1581
1583,1585
1588,1590
1593,1595
1598,1600
1603,1605
1607,1609
1612,1614
1617,1619
1622,1624
1627,1629
1632,1634
1637,1639
1644,1646
1652,1654
1660,1662
1671,1673
1674,1676
1686,1688
1700,1702
1708,1710
1714,1716
1719,1721
1723,1725
1737,1739
1742,1744
1746,1748
1751,1753
1763,1765
1766,1768
1770,1772
1775,1777
1781,1783
1791,1793
1803,1805
1806,1808
1809,1811
1817,1819
1824,1826
1834,1836
1843,1845
1850,1852
1863,1865
1870,1872
1876,1878
1883,1885
1889,1891
1896,1898
1903,1905
1908,1910
1913,1915
1921,1923
1931,1933
1936,1938
1942,1944
1947,1949
1950,1952
1957,1959
1965,1967
1969,1971
1974,1976
1981,1983
1986,1988
1990,1992
1994,1996
2000,2002
2005,2007
2009,2011
2018,2020
2028,2030
2035,2037
2046,2048
2051,2053
2059,2061
2066,2068
2072,2074
2077,2079
2082,2084
2091,2093
2100,2102
2106,2108
2110,2112
2116,2118
2123,2125
2127,2129
2131,2133
2139,2141
2147,2149
2152,2154
2157,2159
2162,2164
2167,2169
2171,2173
2176,2178
2182,2184
2186,2188
2193,2195
2196,2198
2203,2205
2206,2208
2213,2215
2218,2220
2223,2225
2228,2230
2236,2238
2243,2245
2246,2248
2249,2251
2258,2260
2267,2269
2276,2278
2283,2285
2287,2289
2291,2293
2295,2297
2301,2303
2308,2310
2315,2317
2322,2324
2328,2330
2335,2337
2341,2343
2346,2348
2350,2352
2355,2357
2362,2364
2369,2371
2375,2377
2380,2382
2385,2387
2391,2393
2398,2400
2405,2407
2414,2416
2423,2425
2429,2431
2435,2437
2439,2441
2442,2444
2446,2448
2450,2452
2453,2455
2457,2459
2462,2464
2468,2470
2472,2474
2476,2478
2482,2484
2488,2490
2494,2496
2503,2505
2510,2512
2516,2518
2523,2525
2527,2529
2531,2533
2536,2538
2541,2543
2553,2555
2561,2563
2568,2570
2575,2577
2580,2582
2583,2585
2590,2592
2598,2600
2604,2606
2612,2614
2616,2618
2620,2622
2628,2630
2633,2635
2639,2641
2644,2646
2651,2653
2656,2658
2662,2664
2665,2667
2677,2679
2688,2690
2695,2697
2701,2703
2706,2708
2711,2713
2720,2722
2727,2729
2735,2737
2748,2750
2754,2756
2760,2762
2768,2770
2774,2776
2785,2787
2795,2797
2804,2806
2811,2813
2817,2819
2822,2824
2827,2829
2830,2832
2834,2836
2837,2839
2843,2845
2848,2850
2854,2856
2859,2861
2864,2866
2867,2869
2873,2875
2883,2885
2888,2890
2892,2894
2897,2899
2904,2906
2912,2914
2918,2920
2924,2926
2931,2933
2936,2938
2942,2944
2949,2951
2954,2956
2961,2963
2966,2968
2971,2973
2975,2977
2979,2981
2986,2988
2994,2996
2999,3001
3004,3006
3007,3009
3017,3019
3026,3028
3029,3031
3035,3037
3039,3041
3045,3047
3049,3051
3053,3055
3056,3058
3061,3063
3067,3069
3070,3072
3073,3075
3078,3080
3087,3089
3094,3096
3101,3103
3106,3108
3115,3117
3126,3128
3130,3132
3144,3146
3148,3150
3151,3153
3156,3158
3161,3163
3167,3169
3174,3176
3183,3185
3191,3193
3200,3202
3210,3212
3218,3220
3226,3228
3231,3233
3239,3241
3243,3245
3248,3250
3253,3255
3258,3260
3263,3265
3273,3275
3282,3284
3287,3289
3291,3293
3297,3299
3303,3305
3308,3310
3314,3316
3318,3320
3322,3324
3328,3330
3335,3337
3340,3342
3345,3347
3353,3355
3361,3363
3366,3368
3371,3373
3375,3377
3380,3382
3385,3387
3390,3392
3398,3400
3406,3408
3412,3414
3418,3420
3427,3429
3435,3437
3442,3444
3447,3449
3452,3454
3456,3458
3459,3461
3464,3466
3469,3471
3473,3475
3484,3486
3493,3495
3501,3503
3506,3508
3510,3512
3516,3518
3520,3522
3527,3529
3535,3537
3541,3543
3547,3549
3550,3552
3553,3555
3564,3566
3570,3572
3575,3577
3582,3584
3588,3590
3596,3598
3604,3606
3613,3615
3618,3620
3622,3624
3626,3628
3631,3633
3636,3638
3642,3644
3646,3648
3652,3654
3660,3662
3669,3671
3675,3677
3679,3681
3683,3685
3689,3691
3696,3698
3703,3705
3708,3710
3713,3715
3719,3721
3723,3725
3728,3730
3734,3736
3738,3740
3742,3744
3746,3748
3750,3752
3753,3755
3756,3758
3759,3761
3762,3764
3766,3768
3771,3773
3779,3781
3788,3790
3795,3797
3801,3803
3809,3811
3817,3819
3825,3827
3834,3836
3842,3844
3850,3852
3857,3859
3863,3865
3871,3873
3879,3881
3886,3888
3896,3898
3900,3902
3907,3909
3913,3915
3918,3920
3924,3926
3930,3932
3936,3938
3942,3944
3946,3948
3955,3957
3963,3965
3972,3974
3982,3984
3987,3989
3993,3995
3998,4000
4002,4004
4009,4011
4014,4016
4024,4026
4031,4033
4036,4038
4044,4046
4050,4052
4055,4057
4067,4069
4079,4081
4085,4087
4090,4092
4096,4098
4103,4105
4111,4113
4119,4121
4125,4127
4132,4134
4136,4138
4141,4143
4145,4147
4152,4154
4161,4163
4168,4170
4172,4174
4178,4180
4183,4185
4187,4189
4192,4194
4203,4205
4207,4209
4212,4214
4218,4220
4223,4225
4227,4229
4232,4234
4238,4240
4248,4250
4257,4259
4263,4265
4269,4271
4273,4275
4283,4285
4291,4293
4298,4300
4306,4308
4314,4316
4324,4326
4330,4332
4336,4338
4341,4343
4346,4348
4356,4358
4364,4366
4368,4370
4372,4374
4379,4381
4387,4389
4393,4395
4398,4400
4401,4403
4406,4408
4414,4416
4423,4425
4431,4433
4437,4439
4447,4449
4456,4458
4465,4467
4473,4475
4477,4479
4480,4482
4487,4489
4493,4495
4496,4498
4500,4502
4510,4512
4516,4518
4524,4526
4532,4534
4540,4542
4545,4547
4551,4553
4555,4557
4559,4561
4562,4564
4566,4568
4571,4573
4575,4577
4580,4582
4584,4586
4592,4594
4600,4602
4609,4611
4619,4621
4623,4625
4626,4628
4632,4634
4642,4644
4646,4648
4650,4652
4656,4658
4664,4666
4668,4670
4675,4677
4681,4683
4688,4690
4694,4696
4700,4702
4705,4707
4713,4715
4717,4719
4721,4723
4724,4726
4733,4735
4742,4744
4746,4748
4750,4752
4755,4757
4760,4762
4764,4766
4769,4771
4772,4774
4777,4779
4783,4785
4788,4790
4795,4797
4804,4806
4812,4814
4820,4822
4828,4830
4836,4838
4847,4849
4857,4859
4866,4868
4875,4877
4880,4882
4887,4889
4891,4893
4898,4900
4903,4905
4909,4911
4915,4917
4923,4925
4930,4932
4934,4936
4938,4940
4943,4945
4948,4950
4957,4959
4967,4969
4974,4976
4984,4986
4991,4993
4998,5000
5004,5006
5009,5011
5016,5018
5022,5024
5026,5028
5030,5032
5037,5039
5043,5045
5050,5052
5057,5059
5061,5063
5066,5068
5072,5074
5078,5080
5083,5085
5090,5092
5096,5098
5105,5107
5109,5111
5113,5115
5118,5120
5124,5126
5129,5131
5135,5137
5139,5141
5144,5146
5153,5155
5161,5163
5167,5169
5172,5174
5180,5182
5188,5190
5195,5197
5200,5202
5205,5207
5212,5214
5217,5219
5221,5223
5225,5227
5228,5230
5231,5233
5234,5236
5239,5241
5248,5250
5253,5255
5259,5261
5263,5265
5269,5271
5278,5280
5283,5285
5287,5289
5298,5300
5309,5311
5315,5317
5321,5323
5326,5328
5330,5332
5342,5344
5357,5359
5362,5364
5369,5371
5376,5378
5380,5382
5384,5386
5390,5392
5398,5400
5404,5406
5410,5412
5415,5417
5423,5425
5431,5433
5435,5437
5442,5444
5447,5449
5450,5452
5453,5455
5456,5458
5465,5467
5476,5478
5480,5482
5483,5485
5486,5488
5489,5491
5500,5502
5510,5512
5513,5515
5519,5521
5522,5524
5528,5530
5536,5538
5543,5545
5550,5552
5554,5556
5557,5559
5562,5564
5566,5568
5573,5575
5578,5580
5587,5589
5597,5599
5605,5607
5616,5618
5620,5622
5630,5632
5638,5640
5645,5647
5657,5659
5663,5665
5669,5671
5676,5678
5681,5683
5690,5692
5699,5701
5705,5707
5711,5713
5718,5720
5722,5724
5726,5728
5736,5738
5743,5745
5747,5749
5751,5753
5758,5760
5764,5766
5768,5770
5772,5774
5779,5781
5787,5789
5794,5796
5802,5804
5806,5808
5810,5812
5817,5819
5823,5825
5827,5829
5835,5837
5841,5843
5846,5848
5850,5852
5855,5857
5859,5861
5865,5867
5880,5882
5886,5888
5891,5893
5895,5897
5899,5901
5902,5904
5905,5907
5909,5911
5914,5916
5918,5920
5923,5925
5930,5932
5936,5938
5940,5942
5946,5948
5953,5955
5960,5962
5967,5969
5974,5976
5985,5987
5997,5999
6005,6007
6012,6014
6017,6019
6022,6024
6030,6032
6038,6040
6044,6046
6052,6054
6059,6061
6065,6067
6073,6075
6078,6080
6081,6083
6084,6086
6089,6091
6093,6095
6101,6103
6113,6115
6118,6120
6123,6125
6128,6130
6133,6135
6142,6144
6148,6150
6151,6153
6154,6156
6160,6162
6166,6168
6175,6177
6181,6183
6188,6190
6194,6196
6199,6201
6206,6208
6213,6215
6220,6222
6230,6232
6241,6243
6249,6251
6256,6258
6261,6263
6269,6271
6273,6275
6278,6280
6285,6287
6292,6294
6296,6298
6302,6304
6307,6309
6316,6318
6327,6329
6334,6336
6338,6340
6343,6345
6348,6350
6354,6356
6359,6361
6364,6366
6369,6371
6377,6379
6385,6387
6394,6396
6401,6403
6405,6407
6409,6411
6416,6418
6427,6429
6432,6434
6438,6440
6443,6445
6449,6451
6453,6455
6459,6461
6463,6465
6467,6469
6475,6477
6482,6484
6486,6488
6490,6492
6496,6498
6501,6503
6511,6513
6520,6522
6527,6529
6536,6538
6543,6545
6558,6560
6568,6570
6578,6580
6582,6584
6587,6589
6597,6599
6604,6606
6618,6620
6625,6627
6631,6633
6636,6638
6641,6643
6648,6650
6651,6653
6655,6657
6659,6661
6664,6666
6674,6676
6683,6685
6687,6689
6691,6693
6696,6698
6711,6713
6716,6718
6722,6724
6730,6732
6739,6741
6742,6744
6750,6752
6759,6761
6763,6765
6767,6769
6773,6775
6780,6782
6785,6787
6798,6800
6803,6805
6809,6811
6814,6816
6821,6823
6826,6828
6834,6836
6841,6843
6848,6850
6854,6856
6859,6861
6866,6868
6874,6876
6880,6882
6889,6891
6892,6894
6898,6900
6905,6907
6908,6910
6911,6913
6918,6920
6925,6927
6933,6935
6940,6942
6944,6946
6948,6950
6955,6957
6959,6961
6964,6966
6970,6972
6974,6976
6979,6981
6986,6988
6993,6995
6999,7001
7004,7006
7009,7011
7019,7021
7027,7029
7032,7034
7039,7041
7045,7047
7052,7054
7061,7063
7068,7070
7074,7076
7081,7083
7090,7092
7094,7096
7100,7102
7106,7108
7110,7112
7122,7124
7127,7129
7135,7137
7141,7143
7146,7148
7153,7155
7160,7162
7164,7166
7169,7171
7176,7178
7188,7190
7193,7195
7200,7202
7210,7212
7217,7219
7222,7224
7227,7229
7232,7234
7236,7238
7241,7243
7244,7246
7250,7252
7258,7260
7264,7266
7272,7274
7276,7278
7281,7283
7287,7289
7295,7297
7305,7307
7308,7310
7313,7315
7318,7320
7323,7325
7329,7331
7336,7338
7345,7347
7351,7353
7357,7359
7362,7364
7367,7369
7371,7373
7374,7376
7384,7386
7394,7396
7401,7403
7407,7409
7415,7417
7422,7424
7429,7431
7435,7437
7441,7443
7447,7449
7452,7454
7457,7459
7463,7465
7469,7471
7474,7476
7480,7482
7484,7486
7488,7490
7493,7495
7498,7500
7503,7505
7510,7512
7515,7517
7518,7520
7524,7526
7529,7531
7534,7536
7539,7541
7542,7544
7546,7548
7554,7556
7560,7562
7564,7566
7569,7571
7576,7578
7582,7584
7586,7588
7590,7592
7596,7598
7601,7603
7609,7611
7618,7620
7625,7627
7632,7634
7638,7640
7644,7646
7650,7652
7656,7658
7663,7665
7669,7671
7676,7678
7683,7685
7687,7689
7691,7693
7698,7700
7704,7706
7707,7709
7716,7718
7723,7725
7735,7737
7741,7743
7748,7750
7754,7756
7759,7761
7767,7769
7770,7772
7776,7778
7781,7783
7785,7787
7789,7791
7793,7795
7799,7801
7805,7807
7810,7812
7815,7817
7821,7823
7827,7829
7835,7837
7843,7845
7853,7855
7861,7863
7866,7868
7870,7872
7875,7877
7880,7882
7883,7885
7889,7891
7894,7896
7899,7901
7907,7909
7919,7921
7923,7925
7927,7929
7932,7934
7950,7952
7955,7957
7961,7963
7965,7967
7971,7973
7977,7979
7983,7985
7994,7996
8004,8006
8013,8015
8023,8025
8030,8032
8041,8043
8049,8051
8053,8055
8058,8060
8064,8066
8067,8069
8070,8072
8074,8076
8077,8079
8083,8085
8089,8091
8097,8099
8107,8109
8116,8118
8123,8125
8130,8132
8138,8140
8147,8149
8151,8153
8155,8157
8166,8168
8172,8174
8178,8180
8184,8186
8189,8191
8194,8196
8201,8203
8207,8209
8211,8213
8216,8218
8221,8223
8227,8229
8233,8235
8239,8241
8245,8247
8254,8256
8260,8262
8266,8268
8272,8274
8277,8279
8283,8285
8287,8289
8297,8299
8308,8310
8314,8316
8320,8322
8325,8327
8331,8333
8336,8338
8342,8344
8349,8351
8359,8361
8369,8371
8375,8377
8379,8381
8388,8390
8395,8397
8402,8404
8412,8414
8421,8423
8428,8430
8447,8449
8450,8452
8456,8458
8460,8462
8464,8466
8471,8473
8476,8478
8483,8485
8489,8491
8494,8496
8498,8500
8503,8505
8509,8511
8514,8516
8520,8522
8525,8527
8531,8533
8540,8542
8549,8551
8554,8556
8561,8563
8567,8569
8575,8577
8580,8582
8584,8586
8594,8596
8604,8606
8610,8612
8616,8618
8621,8623
8626,8628
8634,8636
8641,8643
8653,8655
8666,8668
8674,8676
8680,8682
8686,8688
8691,8693
8694,8696
8699,8701
8703,8705
8709,8711
8713,8715
8718,8720
8721,8723
8726,8728
8734,8736
8739,8741
8744,8746
8754,8756
8761,8763
8767,8769
8775,8777
8780,8782
8786,8788
8796,8798
8803,8805
8809,8811
8813,8815
8821,8823
8825,8827
8833,8835
8842,8844
8849,8851
8854,8856
8860,8862
8864,8866
8868,8870
8876,8878
8885,8887
8890,8892
8895,8897
8902,8904
8911,8913
8916,8918
8922,8924
8928,8930
8933,8935
8941,8943
8948,8950
8953,8955
8961,8963
8969,8971
8979,8981
8987,8989
8995,8997
9002,9004
9015,9017
9019,9021
9024,9026
9031,9033
9037,9039
9044,9046
9053,9055
9057,9059
9062,9064
9067,9069
9072,9074
9076,9078
9084,9086
9100,9102
9105,9107
9110,9112
9113,9115
9118,9120
9122,9124
9128,9130
9134,9136
9141,9143
9150,9152
9159,9161
9164,9166
9170,9172
9176,9178
9184,9186
9188,9190
9194,9196
9197,9199
9200,9202
9205,9207
9210,9212
9216,9218
9223,9225
9230,9232
9238,9240
9244,9246
9251,9253
9256,9258
9262,9264
9271,9273
9280,9282
9286,9288
9294,9296
9298,9300
9304,9306
9311,9313
9316,9318
9322,9324
9327,9329
9332,9334
9336,9338
9345,9347
9360,9362
9370,9372
9374,9376
9378,9380
9389,9391
9395,9397
9401,9403
9407,9409
9413,9415
9421,9423
9427,9429
9431,9433
9437,9439
9445,9447
9455,9457
9462,9464
9468,9470
9476,9478
9485,9487
9491,9493
9497,9499
9504,9506
9512,9514
9517,9519
9522,9524
9526,9528
9531,9533
9536,9538
9540,9542
9548,9550
9554,9556
9560,9562
9564,9566
9568,9570
9572,9574
9577,9579
9582,9584
9589,9591
9597,9599
9604,9606
9611,9613
9619,9621
9627,9629
9634,9636
9642,9644
9647,9649
9652,9654
9657,9659
9661,9663
9667,9669
9674,9676
9680,9682
9685,9687
9691,9693
9698,9700
9703,9705
9710,9712
9716,9718
9724,9726
9736,9738
9746,9748
9754,9756
9764,9766
9768,9770
9779,9781
9785,9787
9792,9794
9799,9801
9806,9808
9813,9815
9818,9820
9824,9826
9839,9841
9845,9847
9853,9855
9859,9861
9867,9869
9871,9873
9876,9878
9886,9888
9895,9897
9899,9901
9904,9906
9909,9911
9915,9917
9921,9923
9927,9929
9934,9936
9944,9946
9953,9955
9956,9958
9960,9962
9965,9967
9971,9973
9977,9979
9986,9988
9992,9994
9998,10000
10008,10010
10018,10020
10021,10023
10025,10027
10031,10033
10045,10047
10050,10052
10058,10060
10068,10070
10076,10078
10083,10085
10089,10091
10092,10094
10100,10102
10108,10110
10114,10116
10128,10130
10135,10137
10139,10141
10144,10146
10147,10149
10150,10152
10154,10156
10158,10160
10161,10163
10169,10171
10179,10181
10189,10191
10195,10197
10199,10201
10205,10207
10208,10210
10211,10213
10219,10221
10226,10228
10233,10235
10239,10241
10245,10247
10250,10252
10255,10257
10261,10263
10266,10268
10272,10274
10277,10279
10283,10285
10288,10290
10294,10296
10301,10303
10307,10309
10312,10314
10315,10317
10321,10323
10328,10330
10336,10338
10342,10344
10350,10352
10355,10357
10359,10361
10364,10366
10370,10372
10376,10378
10381,10383
10387,10389
10393,10395
10399,10401
10407,10409
10412,10414
10416,10418
10427,10429
10434,10436
10445,10447
10454,10456
10464,10466
10473,10475
10476,10478
10482,10484
10485,10487
10492,10494
10499,10501
10504,10506
10510,10512
10513,10515
10517,10519
10523,10525
10528,10530
10537,10539
10547,10549
10553,10555
10560,10562
10569,10571
10578,10580
10584,10586
10597,10599
10601,10603
10604,10606
10611,10613
10618,10620
10626,10628
10631,10633
10637,10639
10643,10645
10648,10650
10653,10655
10658,10660
10664,10666
10668,10670
10671,10673
10678,10680
10685,10687
10696,10698
10707,10709
10714,10716
10721,10723
10727,10729
10732,10734
10736,10738
10739,10741
10743,10745
10746,10748
10753,10755
10759,10761
10763,10765
10769,10771
10773,10775
10778,10780
10787,10789
10795,10797
10801,10803
10811,10813
10821,10823
10828,10830
10835,10837
10842,10844
10848,10850
10852,10854
10859,10861
10865,10867
10869,10871
10872,10874
10880,10882
10888,10890
10901,10903
10915,10917
10922,10924
10927,10929
10934,10936
10938,10940
10946,10948
10952,10954
10958,10960
10963,10965
10969,10971
10976,10978
10985,10987
10992,10994
10996,10998
11000,11002
11008,11010
11015,11017
11023,11025
11029,11031
11036,11038
11042,11044
11045,11047
11049,11051
11055,11057
11064,11066
11068,11070
11072,11074
11078,11080
11088,11090
11100,11102
11108,11110
11114,11116
11117,11119
11120,11122
11125,11127
11129,11131
11135,11137
11143,11145
11149,11151
11154,11156
11157,11159
11165,11167
11172,11174
11179,11181
11186,11188
11193,11195
11201,11203
11208,11210
11215,11217
11221,11223
11226,11228
11230,11232
11236,11238
11242,11244
11248,11250
11254,11256
11260,11262
11267,11269
11272,11274
11279,11281
11288,11290
11295,11297
11305,11307
11311,11313
11314,11316
11318,11320
11324,11326
11330,11332
11335,11337
11342,11344
11349,11351
11353,11355
11356,11358
11360,11362
11367,11369
11374,11376
11379,11381
11383,11385
11389,11391
11397,11399
11403,11405
11413,11415
11423,11425
11432,11434
11441,11443
11445,11447
11450,11452
11454,11456
11459,11461
11466,11468
11474,11476
11483,11485
11489,11491
11494,11496
11499,11501
11506,11508
11517,11519
11523,11525
11528,11530
11531,11533
11535,11537
11547,11549
11556,11558
11564,11566
11572,11574
11585,11587
11596,11598
11600,11602
11605,11607
11612,11614
11615,11617
11623,11625
11633,11635
11639,11641
11644,11646
11648,11650
11653,11655
11656,11658
11661,11663
11666,11668
11674,11676
11684,11686
11692,11694
11700,11702
11703,11705
11706,11708
11715,11717
11725,11727
11732,11734
11739,11741
11745,11747
11751,11753
11759,11761
11765,11767
11770,11772
11775,11777
11779,11781
11783,11785
11788,11790
11794,11796
11798,11800
11802,11804
11806,11808
11809,11811
11815,11817
11821,11823
11830,11832
11833,11835
11837,11839
11841,11843
11846,11848
11849,11851
11856,11858
11862,11864
11872,11874
11882,11884
11885,11887
11889,11891
11895,11897
11903,11905
11911,11913
11925,11927
11931,11933
11936,11938
11939,11941
11947,11949
11952,11954
11958,11960
11964,11966
11970,11972
11977,11979
11984,11986
11999,12001
12004,12006
12008,12010
12013,12015
12019,12021
12025,12027
12030,12032
12035,12037
12046,12048
12052,12054
12060,12062
12065,12067
12070,12072
12078,12080
12086,12088
12093,12095
12101,12103
12107,12109
12112,12114
12120,12122
12129,12131
12135,12137
12139,12141
12144,12146
12148,12150
12154,12156
12159,12161
12172,12174
12183,12185
12186,12188
12194,12196
12198,12200
12203,12205
12207,12209
12211,12213
12215,12217
12219,12221
12222,12224
12225,12227
12233,12235
12240,12242
12248,12250
12255,12257
12265,12267
12277,12279
12286,12288
12294,12296
12301,12303
12309,12311
12315,12317
12323,12325
12328,12330
12334,12336
12339,12341
12345,12347
12349,12351
12355,12357
12361,12363
12371,12373
12378,12380
12384,12386
12390,12392
12397,12399
12404,12406
12411,12413
12417,12419
12424,12426
12427,12429
12430,12432
12437,12439
12443,12445
12452,12454
12464,12466
12467,12469
12473,12475
12477,12479
12483,12485
12491,12493
12497,12499
12502,12504
12507,12509
12513,12515
12521,12523
12527,12529
12536,12538
12544,12546
12550,12552
12555,12557
12560,12562
12566,12568
12572,12574
12580,12582
12588,12590
12596,12598
12605,12607
12612,12614
12617,12619
12623,12625
12627,12629
12636,12638
12640,12642
12650,12652
12657,12659
12661,12663
12664,12666
12672,12674
12679,12681
12685,12687
12692,12694
12702,12704
12719,12721
12725,12727
12731,12733
12734,12736
12739,12741
12749,12751
12760,12762
12767,12769
12772,12774
12777,12779
12783,12785
12792,12794
12799,12801
12805,12807
12809,12811
12813,12815
12819,12821
12823,12825
12829,12831
12835,12837
12843,12845
12850,12852
12854,12856
12859,12861
12865,12867
12870,12872
12874,12876
12880,12882
12886,12888
12894,12896
12900,12902
12909,12911
12912,12914
12918,12920
12928,12930
12935,12937
12941,12943
12946,12948
12951,12953
12955,12957
12959,12961
12966,12968
12972,12974
12977,12979
12984,12986
12990,12992
12998,13000
13002,13004
13005,13007
13011,13013
13016,13018
13022,13024
13029,13031
13039,13041
13048,13050
13053,13055
13065,13067
13072,13074
13077,13079
13083,13085
13091,13093
13101,13103
13111,13113
13121,13123
13129,13131
13135,13137
13140,13142
13145,13147
13149,13151
13152,13154
13157,13159
13160,13162
13168,13170
13182,13184
13186,13188
13193,13195
13199,13201
13206,13208
13214,13216
13222,13224
13230,13232
13240,13242
13249,13251
13258,13260
13269,13271
13274,13276
13283,13285
13291,13293
13296,13298
13302,13304
13305,13307
13309,13311
13312,13314
13315,13317
13324,13326
13330,13332
13336,13338
13343,13345
13348,13350
13354,13356
13359,13361
13363,13365
13373,13375
13382,13384
13390,13392
13396,13398
13403,13405
13408,13410
13411,13413
13415,13417
13418,13420
13421,13423
13426,13428
13435,13437
13440,13442
13451,13453
13455,13457
13459,13461
13467,13469
13475,13477
13479,13481
13491,13493
13498,13500
13507,13509
13513,13515
13517,13519
13522,13524
13527,13529
13534,13536
13542,13544
13549,13551
13555,13557
13558,13560
13561,13563
13569,13571
13582,13584
13588,13590
13595,13597
13602,13604
13609,13611
13614,13616
13621,13623
13624,13626
13630,13632
13641,13643
13647,13649
13652,13654
13660,13662
13668,13670
13675,13677
13686,13688
13698,13700
13707,13709
13715,13717
13721,13723
13727,13729
13732,13734
13737,13739
13745,13747
13751,13753
13760,13762
13768,13770
13774,13776
13778,13780
13782,13784
13786,13788
13794,13796
13805,13807
13809,13811
13819,13821
13827,13829
13831,13833
13838,13840
13842,13844
13852,13854
13859,13861
13865,13867
13870,13872
13875,13877
13881,13883
13888,13890
13891,13893
13895,13897
13901,13903
13907,13909
13912,13914
13917,13919
13927,13929
13935,13937
13941,13943
13948,13950
13952,13954
13957,13959
13963,13965
13967,13969
13976,13978
13986,13988
13992,13994
13999,14001
14009,14011
14018,14020
14025,14027
14030,14032
14036,14038
14043,14045
14050,14052
14058,14060
14063,14065
14073,14075
14079,14081
14086,14088
14093,14095
14102,14104
14112,14114
14117,14119
14122,14124
14128,14130
14135,14137
14140,14142
14145,14147
14152,14154
14159,14161
14167,14169
14171,14173
14176,14178
14181,14183
14187,14189
14193,14195
14202,14204
14207,14209
14215,14217
14219,14221
14224,14226
14230,14232
14237,14239
14242,14244
14247,14249
14258,14260
14261,14263
14266,14268
14275,14277
14280,14282
14283,14285
14292,14294
14300,14302
14306,14308
14311,14313
14317,14319
14323,14325
14329,14331
14334,14336
14338,14340
14342,14344
14346,14348
14352,14354
14357,14359
14361,14363
14369,14371
14374,14376
14379,14381
14385,14387
14395,14397
14402,14404
14409,14411
14414,14416
14418,14420
14424,14426
14431,14433
14440,14442
14451,14453
14457,14459
14464,14466
14472,14474
14480,14482
14486,14488
14493,14495
14498,14500
14503,14505
14511,14513
14521,14523
14527,14529
14536,14538
14546,14548
14551,14553
14558,14560
14562,14564
14568,14570
14579,14581
14587,14589
14595,14597
14603,14605
14610,14612
14617,14619
14625,14627
14632,14634
14637,14639
14641,14643
14646,14648
14651,14653
14661,14663
14669,14671
14674,14676
14688,14690
14693,14695
14698,14700
14705,14707
14711,14713
14717,14719
14721,14723
14727,14729
14733,14735
14738,14740
14742,14744
14750,14752
14756,14758
14762,14764
14768,14770
14775,14777
14781,14783
14791,14793
14797,14799
14802,14804
14807,14809
14810,14812
14819,14821
14829,14831
14832,14834
14838,14840
14844,14846
14852,14854
14859,14861
14869,14871
14877,14879
14885,14887
14894,14896
14899,14901
14905,14907
14910,14912
14916,14918
14921,14923
14930,14932
14939,14941
14944,14946
14950,14952
14957,14959
14964,14966
14969,14971
14974,14976
14980,14982
14988,14990
14996,14998
15012,15014
15019,15021
15029,15031
15037,15039
15043,15045
15049,15051
15053,15055
15058,15060
15065,15067
15074,15076
15085,15087
15095,15097
15105,15107
15113,15115
15122,15124
15133,15135
15136,15138
15143,15145
15149,15151
15153,15155
15161,15163
15167,15169
15174,15176
15178,15180
15181,15183
15186,15188
15198,15200
15203,15205
15207,15209
15215,15217
15222,15224
15229,15231
15235,15237
15243,15245
15250,15252
15253,15255
15257,15259
15261,15263
15272,15274
15279,15281
15283,15285
15294,15296
15302,15304
15305,15307
15311,15313
15315,15317
15321,15323
15332,15334
15341,15343
15344,15346
15348,15350
15359,15361
15363,15365
15367,15369
15376,15378
15387,15389
15392,15394
15397,15399
15405,15407
15411,15413
15415,15417
15423,15425
15427,15429
15431,15433
15441,15443
15452,15454
15458,15460
15463,15465
15471,15473
15479,15481
15487,15489
15495,15497
15503,15505
15511,15513
15516,15518
15521,15523
15528,15530
15533,15535
15538,15540
15544,15546
15555,15557
15575,15577
15581,15583
15590,15592
15594,15596
15599,15601
15605,15607
15612,15614
15619,15621
15626,15628
15632,15634
15637,15639
15646,15648
15655,15657
15664,15666
15673,15675
15677,15679
15680,15682
15689,15691
15697,15699
15702,15704
15707,15709
15716,15718
15723,15725
15728,15730
15736,15738
15739,15741
15745,15747
15750,15752
15753,15755
15757,15759
15765,15767
15772,15774
15779,15781
15786,15788
15792,15794
15801,15803
15805,15807
15808,15810
15812,15814
15817,15819
15822,15824
15827,15829
15836,15838
15840,15842
15845,15847
15853,15855
15861,15863
15867,15869
15875,15877
15881,15883
15888,15890
15898,15900
15904,15906
15910,15912
15915,15917
15920,15922
15926,15928
15932,15934
15936,15938
15940,15942
15947,15949
15952,15954
15960,15962
15966,15968
15970,15972
15974,15976
15979,15981
15987,15989
15995,15997
16002,16004
16009,16011
16014,16016
16018,16020
16023,16025
16028,16030
16034,16036
16040,16042
16044,16046
16048,16050
16053,16055
16057,16059
16066,16068
16075,16077
16081,16083
16088,16090
16091,16093
16096,16098
16101,16103
16108,16110
16115,16117
16121,16123
16126,16128
16137,16139
16147,16149
16152,16154
16156,16158
16166,16168
16176,16178
16185,16187
16194,16196
16205,16207
16215,16217
16225,16227
16234,16236
16238,16240
16242,16244
16254,16256
16270,16272
16275,16277
16284,16286
16287,16289
16291,16293
16295,16297
16302,16304
16307,16309
16314,16316
16320,16322
16326,16328
16332,16334
16337,16339
16342,16344
16347,16349
16357,16359
16361,16363
16366,16368
16373,16375
16379,16381
16390,16392
16395,16397
16400,16402
16408,16410
16413,16415
16418,16420
16425,16427
16431,16433
16443,16445
16454,16456
16460,16462
16467,16469
16474,16476
16480,16482
16484,16486
16489,16491
16496,16498
16502,16504
16510,16512
16513,16515
16523,16525
16532,16534
16536,16538
16544,16546
16554,16556
16560,16562
16566,16568
16572,16574
16579,16581
16584,16586
16589,16591
16593,16595
16597,16599
16603,16605
16612,16614
16616,16618
16620,16622
16624,16626
16631,16633
16637,16639
16645,16647
16649,16651
16654,16656
16662,16664
16670,16672
16673,16675
16677,16679
16682,16684
16688,16690
16695,16697
16702,16704
16712,16714
16725,16727
16730,16732
16734,16736
16742,16744
16749,16751
16756,16758
16763,16765
16772,16774
16782,16784
16787,16789
16791,16793
16798,16800
16804,16806
16809,16811
16814,16816
16820,16822
16826,16828
16832,16834
16839,16841
16845,16847
16851,16853
16857,16859
16862,16864
16869,16871
16881,16883
16887,16889
16893,16895
16899,16901
16905,16907
16912,16914
16917,16919
16921,16923
16928,16930
16934,16936
16939,16941
16945,16947
16952,16954
16960,16962
16964,16966
16969,16971
16974,16976
16977,16979
16985,16987
16997,16999
17004,17006
17011,17013
17016,17018
17023,17025
17028,17030
17034,17036
17038,17040
17042,17044
17045,17047
17048,17050
17058,17060
17066,17068
17071,17073
17076,17078
17082,17084
17087,17089
17092,17094
17098,17100
17103,17105
17108,17110
17116,17118
17123,17125
17127,17129
17135,17137
17145,17147
17149,17151
17155,17157
17162,17164
17167,17169
17172,17174
17180,17182
17186,17188
17194,17196
17200,17202
17206,17208
17211,17213
17217,17219
17224,17226
17229,17231
17235,17237
17243,17245
17249,17251
17257,17259
17265,17267
17272,17274
17278,17280
17289,17291
17312,17314
17321,17323
17326,17328
17331,17333
17337,17339
17341,17343
17346,17348
17350,17352
17358,17360
17369,17371
17380,17382
17388,17390
17397,17399
17403,17405
17408,17410
17416,17418
17426,17428
17430,17432
17434,17436
17440,17442
17444,17446
17449,17451
17454,17456
17461,17463
17469,17471
17476,17478
17482,17484
17489,17491
17493,17495
17499,17501
17503,17505
17509,17511
17516,17518
17525,17527
17529,17531
17534,17536
17542,17544
17548,17550
17555,17557
17562,17564
17566,17568
17570,17572
17580,17582
17586,17588
17591,17593
17595,17597
17598,17600
17604,17606
17609,17611
17615,17617
17619,17621
17623,17625
17627,17629
17630,17632
17637,17639
17648,17650
17652,17654
17658,17660
17663,17665
17667,17669
17671,17673
17675,17677
17679,17681
17683,17685
17691,17693
17697,17699
17704,17706
17711,17713
17716,17718
17726,17728
17729,17731
17733,17735
17739,17741
17743,17745
17747,17749
17751,17753
17756,17758
17764,17766
17775,17777
17781,17783
17788,17790
17796,17798
17800,17802
17808,17810
17817,17819
17824,17826
17831,17833
17836,17838
17841,17843
17844,17846
17853,17855
17860,17862
17865,17867
17871,17873
17877,17879
17884,17886
17897,17899
17903,17905
17909,17911
17913,17915
17917,17919
17921,17923
17927,17929
17933,17935
17939,17941
17944,17946
17950,17952
17955,17957
17960,17962
17972,17974
17979,17981
17985,17987
17993,17995
17996,17998
18000,18002
18006,18008
18009,18011
18017,18019
18026,18028
18029,18031
18032,18034
18039,18041
18047,18049
18053,18055
18069,18071
18074,18076
18080,18082
18087,18089
18093,18095
18102,18104
18108,18110
18113,18115
18120,18122
18126,18128
18134,18136
18144,18146
18149,18151
18154,18156
18160,18162
18165,18167
18175,18177
18183,18185
18188,18190
18195,18197
18202,18204
18212,18214
18223,18225
18228,18230
18233,18235
18237,18239
18240,18242
18243,18245
18248,18250
18253,18255
18260,18262
18266,18268
18273,18275
18282,18284
18288,18290
18295,18297
18301,18303
18308,18310
18313,18315
18319,18321
18327,18329
18332,18334
18336,18338
18341,18343
18346,18348
18354,18356
18361,18363
18367,18369
18374,18376
18383,18385
18393,18395
18403,18405
18413,18415
18417,18419
18421,18423
18426,18428
18432,18434
18437,18439
18443,18445
18451,18453
18456,18458
18460,18462
18464,18466
18472,18474
18479,18481
18484,18486
18489,18491
18496,18498
18501,18503
18508,18510
18515,18517
18520,18522
18527,18529
18531,18533
18535,18537
18542,18544
18549,18551
18553,18555
18562,18564
18566,18568
18570,18572
18574,18576
18578,18580
18583,18585
18589,18591
18595,18597
18605,18607
18617,18619
18625,18627
18631,18633
18638,18640
18645,18647
18651,18653
18662,18664
18667,18669
18676,18678
18681,18683
18687,18689
18692,18694
18695,18697
18703,18705
18716,18718
18721,18723
18727,18729
18733,18735
18739,18741
18747,18749
18756,18758
18761,18763
18767,18769
18771,18773
18777,18779
18782,18784
18786,18788
18791,18793
18797,18799
18804,18806
18811,18813
18817,18819
18827,18829
18833,18835
18839,18841
18843,18845
18847,18849
18854,18856
18859,18861
18864,18866
18867,18869
18878,18880
18887,18889
18894,18896
18902,18904
18908,18910
18914,18916
18918,18920
18923,18925
18928,18930
18934,18936
18940,18942
18945,18947
18951,18953
18959,18961
18968,18970
18972,18974
18976,18978
18980,18982
18984,18986
18992,18994
19001,19003
19008,19010
19016,19018
19020,19022
19024,19026
19032,19034
19038,19040
19044,19046
19050,19052
19057,19059
19064,19066
19067,19069
19071,19073
19077,19079
19081,19083
19087,19089
19095,19097
19104,19106
19111,19113
19119,19121
19127,19129
19131,19133
19136,19138
19142,19144
19151,19153
19155,19157
19162,19164
19170,19172
19179,19181
19189,19191
19195,19197
19201,19203
19208,19210
19212,19214
19222,19224
19231,19233
19239,19241
19249,19251
19254,19256
19259,19261
19264,19266
19270,19272
19279,19281
19288,19290
19294,19296
19305,19307
19310,19312
19314,19316
19319,19321
19323,19325
19327,19329
19336,19338
19345,19347
19353,19355
19368,19370
19373,19375
19379,19381
19383,19385
19387,19389
19392,19394
19396,19398
19406,19408
19414,19416
19423,19425
19434,19436
19440,19442
19447,19449
19454,19456
19460,19462
19466,19468
19475,19477
19482,19484
19488,19490
19495,19497
19501,19503
19507,19509
19514,19516
19520,19522
19530,19532
19536,19538
19541,19543
19548,19550
19553,19555
19560,19562
19567,19569
19574,19576
19581,19583
19584,19586
19596,19598
19606,19608
19613,19615
19620,19622
19628,19630
19650,19652
19655,19657
19661,19663
19671,19673
19678,19680
19686,19688
19689,19691
19692,19694
19698,19700
19705,19707
19710,19712
19715,19717
19725,19727
19732,19734
19736,19738
19739,19741
19743,19745
19748,19750
19755,19757
19764,19766
19769,19771
19774,19776
19781,19783
19787,19789
19794,19796
19811,19813
19814,19816
19817,19819
19824,19826
19832,19834
19837,19839
19841,19843
19848,19850
19855,19857
19861,19863
19867,19869
19872,19874
19880,19882
19889,19891
19897,19899
19903,19905
19910,19912
19917,19919
19921,19923
19931,19933
19939,19941
19945,19947
19951,19953
19959,19961
19965,19967
19971,19973
19976,19978
19979,19981
19983,19985
19993,19995
20002,20004
20008,20010
20019,20021
20023,20025
20027,20029
20032,20034
20038,20040
20047,20049
20051,20053
20057,20059
20063,20065
20071,20073
20078,20080
20081,20083
20087,20089
20095,20097
20103,20105
20110,20112
20119,20121
20126,20128
20137,20139
20140,20142
20146,20148
20150,20152
20159,20161
20167,20169
20175,20177
20178,20180
20181,20183
20190,20192
20195,20197
20203,20205
20209,20211
20212,20214
20218,20220
20223,20225
20228,20230
20231,20233
20237,20239
20243,20245
20247,20249
20252,20254
20257,20259
20261,20263
20265,20267
20272,20274
20277,20279
20281,20283
20286,20288
20291,20293
20298,20300
20304,20306
20311,20313
20319,20321
20323,20325
20327,20329
20335,20337
20343,20345
20350,20352
20357,20359
20364,20366
20373,20375
20379,20381
20384,20386
20391,20393
20395,20397
20403,20405
20411,20413
20415,20417
20419,20421
20424,20426
20428,20430
20432,20434
20437,20439
20441,20443
20447,20449
20453,20455
20457,20459
20460,20462
20464,20466
20474,20476
20483,20485
20489,20491
20493,20495
20500,20502
20509,20511
20512,20514
20520,20522
20527,20529
20534,20536
20542,20544
20548,20550
20556,20558
20563,20565
20569,20571
20575,20577
20578,20580
20585,20587
20591,20593
20596,20598
20603,20605
20606,20608
20611,20613
20616,20618
20621,20623
20626,20628
20632,20634
20637,20639
20650,20652
20662,20664
20667,20669
20671,20673
20678,20680
20683,20685
20689,20691
20694,20696
20702,20704
20711,20713
20719,20721
20727,20729
20734,20736
20739,20741
20745,20747
20749,20751
20758,20760
20766,20768
20775,20777
20783,20785
20790,20792
20797,20799
20805,20807
20815,20817
20820,20822
20826,20828
20832,20834
20838,20840
20845,20847
20851,20853
20858,20860
20866,20868
20873,20875
20878,20880
20886,20888
20890,20892
20896,20898
20903,20905
20910,20912
20916,20918
20922,20924
20926,20928
20935,20937
20939,20941
20943,20945
20949,20951
20954,20956
20961,20963
20969,20971
20975,20977
20983,20985
20991,20993
20999,21001
21007,21009
21014,21016
21021,21023
21025,21027
21032,21034
21039,21041
21045,21047
21050,21052
21058,21060
21066,21068
21071,21073
21077,21079
21082,21084
21087,21089
21091,21093
21096,21098
21101,21103
21106,21108
21110,21112
21113,21115
21118,21120
21123,21125
21132,21134
21138,21140
21145,21147
21154,21156
21166,21168
21172,21174
21180,21182
21187,21189
21194,21196
21199,21201
21205,21207
21211,21213
21217,21219
21222,21224
21228,21230
21233,21235
21237,21239
21242,21244
21248,21250
21251,21253
21254,21256
21260,21262
21267,21269
21272,21274
21278,21280
21284,21286
21288,21290
21293,21295
21300,21302
21307,21309
21314,21316
21319,21321
21323,21325
21326,21328
21330,21332
21336,21338
21343,21345
21348,21350
21352,21354
21360,21362
21371,21373
21375,21377
21381,21383
21391,21393
21397,21399
21405,21407
21412,21414
21419,21421
21427,21429
21433,21435
21439,21441
21446,21448
21453,21455
21460,21462
21470,21472
21478,21480
21485,21487
21491,21493
21499,21501
21503,21505
21508,21510
21515,21517
21526,21528
21535,21537
21545,21547
21557,21559
21563,21565
21568,21570
21576,21578
21582,21584
21588,21590
21595,21597
21602,21604
21612,21614
21621,21623
21630,21632
21635,21637
21640,21642
21644,21646
21650,21652
21653,21655
21657,21659
21660,21662
21666,21668
21672,21674
21676,21678
21682,21684
21687,21689
21691,21693
21695,21697
21699,21701
21706,21708
21714,21716
21720,21722
21726,21728
21733,21735
21744,21746
21749,21751
21755,21757
21761,21763
21766,21768
21772,21774
21780,21782
21784,21786
21787,21789
21797,21799
21802,21804
21809,21811
21816,21818
21826,21828
21836,21838
21841,21843
21845,21847
21850,21852
21856,21858
21861,21863
21866,21868
21870,21872
21873,21875
21880,21882
21896,21898
21901,21903
21906,21908
21914,21916
21917,21919
21920,21922
21926,21928
21931,21933
21936,21938
21942,21944
21947,21949
21953,21955
21960,21962
21969,21971
21976,21978
21983,21985
21989,21991
21997,21999
22004,22006
22010,22012
22018,22020
22026,22028
22030,22032
22035,22037
22041,22043
22046,22048
22053,22055
22062,22064
22067,22069
22071,22073
22074,22076
22080,22082
22083,22085
22086,22088
22095,22097
22104,22106
22109,22111
22114,22116
22119,22121
22124,22126
22128,22130
22133,22135
22136,22138
22141,22143
22147,22149
22151,22153
22156,22158
22164,22166
22169,22171
22174,22176
22180,22182
22188,22190
22195,22197
22203,22205
22211,22213
22215,22217
22218,22220
22222,22224
22227,22229
22232,22234
22239,22241
22242,22244
22246,22248
22252,22254
22257,22259
22263,22265
22269,22271
22276,22278
22284,22286
22291,22293
22298,22300
22301,22303
22306,22308
22310,22312
22315,22317
22326,22328
22342,22344
22348,22350
22354,22356
22362,22364
22377,22379
22384,22386
22390,22392
22397,22399
22408,22410
22418,22420
22423,22425
22428,22430
22436,22438
22442,22444
22450,22452
22456,22458
22462,22464
22467,22469
22470,22472
22475,22477
22481,22483
22484,22486
22487,22489
22491,22493
22496,22498
22499,22501
22503,22505
22507,22509
22512,22514
22516,22518
22520,22522
22526,22528
22530,22532
22535,22537
22543,22545
22548,22550
22552,22554
22556,22558
22566,22568
22575,22577
22585,22587
22594,22596
22602,22604
22607,22609
22615,22617
22626,22628
22629,22631
22637,22639
22650,22652
22660,22662
22669,22671
22674,22676
22679,22681
22685,22687
22692,22694
22696,22698
22704,22706
22713,22715
22720,22722
22726,22728
22730,22732
22735,22737
22741,22743
22746,22748
22753,22755
22759,22761
22763,22765
22766,22768
22771,22773
22776,22778
22780,22782
22783,22785
22789,22791
22794,22796
22803,22805
22811,22813
22819,22821
22829,22831
22835,22837
22840,22842
22844,22846
22854,22856
22861,22863
22870,22872
22879,22881
22888,22890
22895,22897
22903,22905
22909,22911
22920,22922
22923,22925
22926,22928
22929,22931
22937,22939
22942,22944
22949,22951
22959,22961
22969,22971
22974,22976
22979,22981
22987,22989
22994,22996
22999,23001
23004,23006
23010,23012
23018,23020
23024,23026
23030,23032
23036,23038
23046,23048
23049,23051
23054,23056
23059,23061
23065,23067
23071,23073
23075,23077
23079,23081
23084,23086
23096,23098
23099,23101
23107,23109
23118,23120
23128,23130
23135,23137
23141,23143
23147,23149
23151,23153
23154,23156
23159,23161
23168,23170
23176,23178
23180,23182
23184,23186
23192,23194
23202,23204
23208,23210
23217,23219
23224,23226
23227,23229
23233,23235
23239,23241
23242,23244
23246,23248
23255,23257
23265,23267
23270,23272
23278,23280
23282,23284
23291,23293
23299,23301
23304,23306
23312,23314
23319,23321
23325,23327
23330,23332
23334,23336
23341,23343
23347,23349
23351,23353
23355,23357
23360,23362
23366,23368
23373,23375
23380,23382
23385,23387
23391,23393
23401,23403
23411,23413
23415,23417
23421,23423
23424,23426
23428,23430
23436,23438
23444,23446
23455,23457
23466,23468
23474,23476
23482,23484
23486,23488
23491,23493
23496,23498
23506,23508
23516,23518
23526,23528
23541,23543
23548,23550
23565,23567
23572,23574
23577,23579
23584,23586
23590,23592
23594,23596
23601,23603
23607,23609
23612,23614
23616,23618
23629,23631
23634,23636
23641,23643
23646,23648
23655,23657
23661,23663
23665,23667
23670,23672
23678,23680
23686,23688
23693,23695
23702,23704
23716,23718
23724,23726
23729,23731
23735,23737
23744,23746
23756,23758
23764,23766
23770,23772
23775,23777
23781,23783
23789,23791
23798,23800
23809,23811
23819,23821
23825,23827
23831,23833
23839,23841
23847,23849
23855,23857
23864,23866
23872,23874
23878,23880
23885,23887
23893,23895
23896,23898
23900,23902
23905,23907
23912,23914
23917,23919
23921,23923
23924,23926
23930,23932
23934,23936
23942,23944
23948,23950
23953,23955
23960,23962
23964,23966
23970,23972
23980,23982
23984,23986
23993,23995
24000,24002
24005,24007
24012,24014
24021,24023
24030,24032
24040,24042
24051,24053
24062,24064
24067,24069
24075,24077
24085,24087
24096,24098
24101,24103
24107,24109
24111,24113
24114,24116
24122,24124
24131,24133
24135,24137
24139,24141
24145,24147
24149,24151
24153,24155
24159,24161
24166,24168
24171,24173
24180,24182
24189,24191
24195,24197
24203,24205
24208,24210
24214,24216
24222,24224
24230,24232
24234,24236
24237,24239
24245,24247
24251,24253
24258,24260
24266,24268
24274,24276
24281,24283
24286,24288
24297,24299
24301,24303
24305,24307
24311,24313
24315,24317
24324,24326
24336,24338
24341,24343
24346,24348
24350,24352
24357,24359
24361,24363
24365,24367
24375,24377
24380,24382
24386,24388
24394,24396
24402,24404
24411,24413
24420,24422
24429,24431
24437,24439
24445,24447
24452,24454
24465,24467
24471,24473
24477,24479
24483,24485
24488,24490
24492,24494
24498,24500
24502,24504
24506,24508
24509,24511
24514,24516
24521,24523
24527,24529
24533,24535
24538,24540
24546,24548
24551,24553
24554,24556
24557,24559
24562,24564
24567,24569
24576,24578
24584,24586
24593,24595
24602,24604
24608,24610
24614,24616
24618,24620
24624,24626
24631,24633
24640,24642
24643,24645
24647,24649
24655,24657
24671,24673
24683,24685
24704,24706
24709,24711
24713,24715
24719,24721
24728,24730
24736,24738
24744,24746
24750,24752
24759,24761
24764,24766
24771,24773
24781,24783
24789,24791
24792,24794
24797,24799
24801,24803
24805,24807
24810,24812
24817,24819
24826,24828
24834,24836
24841,24843
24848,24850
24854,24856
24858,24860
24863,24865
24869,24871
24874,24876
24881,24883
24891,24893
24894,24896
24897,24899
24903,24905
24911,24913
24916,24918
24921,24923
24928,24930
24936,24938
24944,24946
24950,24952
24959,24961
24975,24977
24978,24980
24982,24984
24986,24988
24992,24994
24996,24998
25002,25004
25007,25009
25010,25012
25014,25016
25019,25021
25025,25027
25032,25034
25038,25040
25050,25052
25059,25061
25065,25067
25070,25072
25074,25076
25078,25080
25083,25085
25093,25095
25101,25103
25111,25113
25116,25118
25120,25122
25128,25130
25131,25133
25139,25141
25143,25145
25148,25150
25153,25155
25161,25163
25168,25170
25175,25177
25185,25187
25194,25196
25199,25201
25204,25206
25210,25212
25219,25221
25224,25226
25227,25229
25235,25237
25243,25245
25249,25251
25255,25257
25261,25263
25267,25269
25272,25274
25279,25281
25284,25286
25290,25292
25296,25298
25300,25302
25304,25306
25310,25312
25315,25317
25319,25321
25323,25325
25329,25331
25338,25340
25344,25346
25352,25354
25361,25363
25368,25370
25373,25375
25378,25380
25382,25384
25387,25389
25392,25394
25399,25401
25407,25409
25414,25416
25418,25420
25426,25428
25433,25435
25440,25442
25447,25449
25451,25453
25458,25460
25465,25467
25474,25476
25485,25487
25491,25493
25502,25504
25513,25515
25517,25519
25520,25522
25524,25526
25529,25531
25535,25537
25542,25544
25546,25548
25550,25552
25557,25559
25560,25562
25564,25566
25570,25572
25578,25580
25586,25588
25591,25593
25596,25598
25603,25605
25609,25611
25615,25617
25625,25627
25633,25635
25641,25643
25651,25653
25661,25663
25666,25668
25679,25681
25688,25690
25693,25695
25698,25700
25706,25708
25713,25715
25720,25722
25728,25730
25735,25737
25745,25747
25755,25757
25763,25765
25766,25768
25769,25771
25773,25775
25779,25781
25785,25787
25794,25796
25803,25805
25811,25813
25818,25820
25828,25830
25832,25834
25836,25838
25840,25842
25848,25850
25856,25858
25864,25866
25880,25882
25891,25893
25911,25913
25917,25919
25925,25927
25933,25935
25944,25946
25951,25953
25956,25958
25966,25968
25975,25977
25980,25982
25985,25987
25990,25992
25997,25999
26003,26005
26008,26010
26017,26019
26026,26028
26031,26033
26037,26039
26041,26043
26049,26051
26053,26055
26057,26059
26064,26066
26069,26071
26079,26081
26092,26094
26103,26105
26112,26114
26119,26121
26125,26127
26131,26133
26135,26137
26147,26149
26158,26160
26165,26167
26170,26172
26176,26178
26182,26184
26187,26189
26193,26195
26200,26202
26208,26210
26212,26214
26216,26218
26220,26222
26225,26227
26229,26231
26235,26237
26238,26240
26242,26244
26255,26257
26268,26270
26274,26276
26283,26285
26286,26288
26291,26293
26297,26299
26302,26304
26307,26309
26312,26314
26319,26321
26326,26328
26332,26334
26339,26341
26343,26345
26351,26353
26358,26360
26362,26364
26368,26370
26373,26375
26377,26379
26386,26388
26395,26397
26406,26408
26416,26418
26421,26423
26428,26430
26433,26435
26437,26439
26442,26444
26448,26450
26455,26457
26463,26465
26468,26470
26476,26478
26482,26484
26488,26490
26493,26495
26503,26505
26522,26524
26528,26530
26533,26535
26541,26543
26547,26549
26550,26552
26553,26555
26561,26563
26569,26571
26574,26576
26579,26581
26588,26590
26597,26599
26603,26605
26609,26611
26612,26614
26616,26618
26622,26624
26629,26631
26634,26636
26637,26639
26644,26646
26652,26654
26662,26664
26669,26671
26673,26675
26677,26679
26683,26685
26695,26697
26700,26702
26707,26709
26715,26717
26721,26723
26726,26728
26733,26735
26740,26742
26745,26747
26749,26751
26757,26759
26762,26764
26768,26770
26778,26780
26783,26785
26787,26789
26792,26794
26799,26801
26808,26810
26814,26816
26822,26824
26832,26834
26839,26841
26845,26847
26851,26853
26857,26859
26862,26864
26872,26874
26878,26880
26885,26887
26893,26895
26900,26902
26906,26908
26913,26915
26918,26920
26924,26926
26927,26929
26932,26934
26939,26941
26947,26949
26952,26954
26956,26958
26962,26964
26968,26970
26976,26978
26985,26987
26993,26995
27000,27002
27005,27007
27008,27010
27011,27013
27015,27017
27023,27025
27031,27033
27037,27039
27043,27045
27048,27050
27053,27055
27063,27065
27068,27070
27074,27076
27078,27080
27082,27084
27086,27088
27098,27100
27108,27110
27116,27118
27124,27126
27128,27130
27134,27136
27140,27142
27151,27153
27155,27157
27160,27162
27165,27167
27169,27171
27173,27175
27177,27179
27181,27183
27184,27186
27192,27194
27204,27206
27211,27213
27219,27221
27223,27225
27227,27229
27236,27238
27240,27242
27247,27249
27254,27256
27257,27259
27260,27262
27264,27266
27269,27271
27276,27278
27283,27285
27292,27294
27296,27298
27303,27305
27310,27312
27317,27319
27327,27329
27336,27338
27341,27343
27347,27349
27353,27355
27362,27364
27368,27370
27377,27379
27383,27385
27389,27391
27393,27395
27397,27399
27403,27405
27411,27413
27415,27417
27421,27423
27433,27435
27442,27444
27447,27449
27457,27459
27463,27465
27471,27473
27476,27478
27482,27484
27491,27493
27499,27501
27507,27509
27515,27517
27521,27523
27525,27527
27533,27535
27542,27544
27547,27549
27558,27560
27567,27569
27576,27578
27584,27586
27594,27596
27602,27604
27611,27613
27618,27620
27626,27628
27633,27635
27641,27643
27647,27649
27653,27655
27661,27663
27670,27672
27675,27677
27682,27684
27690,27692
27699,27701
27705,27707
27711,27713
27715,27717
27719,27721
27725,27727
27731,27733
27736,27738
27742,27744
27751,27753
27761,27763
27766,27768
27773,27775
27777,27779
27781,27783
27785,27787
27793,27795
27800,27802
27806,27808
27814,27816
27822,27824
27838,27840
27841,27843
27849,27851
27867,27869
27876,27878
27886,27888
27893,27895
27908,27910
27918,27920
27931,27933
27943,27945
27947,27949
27951,27953
27955,27957
27961,27963
27967,27969
27979,27981
27991,27993
27994,27996
27998,28000
28009,28011
28020,28022
28031,28033
28035,28037
28041,28043
28047,28049
28051,28053
28056,28058
28062,28064
28068,28070
28073,28075
28076,28078
28083,28085
28087,28089
28092,28094
28099,28101
28106,28108
28113,28115
28118,28120
28126,28128
28135,28137
28138,28140
28141,28143
28151,28153
28155,28157
28160,28162
28169,28171
28175,28177
28185,28187
28191,28193
28196,28198
28202,28204
28207,28209
28212,28214
28215,28217
28218,28220
28230,28232
28242,28244
28246,28248
28250,28252
28256,28258
28261,28263
28268,28270
28275,28277
28284,28286
28288,28290
28293,28295
28301,28303
28309,28311
28314,28316
28321,28323
28326,28328
28342,28344
28346,28348
28349,28351
28356,28358
28363,28365
28368,28370
28372,28374
28379,28381
28385,28387
28388,28390
28392,28394
28397,28399
28403,28405
28412,28414
28420,28422
28427,28429
28433,28435
28439,28441
28443,28445
28450,28452
28457,28459
28462,28464
28471,28473
28480,28482
28486,28488
28492,28494
28500,28502
28507,28509
28514,28516
28522,28524
28533,28535
28538,28540
28542,28544
28547,28549
28552,28554
28555,28557
28559,28561
28565,28567
28571,28573
28580,28582
28589,28591
28593,28595
28597,28599
28608,28610
28619,28621
28626,28628
28635,28637
28644,28646
28647,28649
28652,28654
28656,28658
28662,28664
28668,28670
28674,28676
28678,28680
28681,28683
28686,28688
28690,28692
28695,28697
28704,28706
28711,28713
28715,28717
28720,28722
28725,28727
28732,28734
28739,28741
28748,28750
28752,28754
28759,28761
28764,28766
28770,28772
28778,28780
28785,28787
28791,28793
28797,28799
28804,28806
28809,28811
28814,28816
28822,28824
28828,28830
28836,28838
28841,28843
28849,28851
28856,28858
28863,28865
28867,28869
28871,28873
28876,28878
28880,28882
28891,28893
28898,28900
28904,28906
28912,28914
28920,28922
28929,28931
28938,28940
28944,28946
28948,28950
28957,28959
28967,28969
28974,28976
28980,28982
28988,28990
28991,28993
28994,28996
29004,29006
29013,29015
29018,29020
29024,29026
29028,29030
29031,29033
29037,29039
29041,29043
29047,29049
29052,29054
29060,29062
29069,29071
29074,29076
29079,29081
29085,29087
29091,29093
29102,29104
29112,29114
29116,29118
29120,29122
29123,29125
29128,29130
29133,29135
29138,29140
29141,29143
29152,29154
29157,29159
29163,29165
29169,29171
29181,29183
29191,29193
29198,29200
29203,29205
29208,29210
29214,29216
29223,29225
29231,29233
29236,29238
29242,29244
29247,29249
29252,29254
29262,29264
29273,29275
29278,29280
29282,29284
29288,29290
29296,29298
29301,29303
29306,29308
29310,29312
29315,29317
29324,29326
29332,29334
29335,29337
29339,29341
29345,29347
29357,29359
29364,29366
29371,29373
29379,29381
29386,29388
29392,29394
29398,29400
29402,29404
29409,29411
29416,29418
29420,29422
29423,29425
29430,29432
29437,29439
29445,29447
29453,29455
29459,29461
29472,29474
29481,29483
29490,29492
29496,29498
29502,29504
29507,29509
29514,29516
29522,29524
29531,29533
29537,29539
29542,29544
29547,29549
29551,29553
29557,29559
29567,29569
29576,29578
29587,29589
29591,29593
29596,29598
29602,29604
29608,29610
29612,29614
29618,29620
29623,29625
29628,29630
29633,29635
29638,29640
29645,29647
29649,29651
29656,29658
29663,29665
29668,29670
29674,29676
29680,29682
29688,29690
29694,29696
29701,29703
29708,29710
29716,29718
29724,29726
29737,29739
29747,29749
29753,29755
29759,29761
29766,29768
29772,29774
29782,29784
29791,29793
29796,29798
29802,29804
29809,29811
29817,29819
29820,29822
29824,29826
29829,29831
29833,29835
29843,29845
29850,29852
29859,29861
29868,29870
29877,29879
29886,29888
29891,29893
29898,29900
29902,29904
29906,29908
29918,29920
29925,29927
29931,29933
29938,29940
29947,29949
29956,29958
29965,29967
29970,29972
29975,29977
29980,29982
29986,29988
29992,29994
30006,30008
30015,30017
30025,30027
30028,30030
30031,30033
30040,30042
30046,30048
30053,30055
30066,30068
30070,30072
30075,30077
30082,30084
30089,30091
30096,30098
30100,30102
30105,30107
30111,30113
30117,30119
30120,30122
30123,30125
30131,30133
30139,30141
30149,30151
30157,30159
30162,30164
30169,30171
30173,30175
30178,30180
30190,30192
30196,30198
30204,30206
30209,30211
30214,30216
30219,30221
30225,30227
30231,30233
30239,30241
30246,30248
30253,30255
30261,30263
30270,30272
30276,30278
30281,30283
30287,30289
30294,30296
30300,30302
30305,30307
30310,30312
30317,30319
30322,30324
30327,30329
30336,30338
30340,30342
30344,30346
30349,30351
30355,30357
30364,30366
30374,30376
30382,30384
30389,30391
30395,30397
30405,30407
30412,30414
30418,30420
30422,30424
30426,30428
30432,30434
30436,30438
30439,30441
30443,30445
30447,30449
30453,30455
30456,30458
30459,30461
30466,30468
30474,30476
30479,30481
30485,30487
30498,30500
30510,30512
30515,30517
30519,30521
30524,30526
30528,30530
30533,30535
30537,30539
30541,30543
30548,30550
30554,30556
30560,30562
30565,30567
30575,30577
30587,30589
30592,30594
30599,30601
30605,30607
30609,30611
30613,30615
30618,30620
30626,30628
30632,30634
30641,30643
30645,30647
30651,30653
30664,30666
30671,30673
30678,30680
30684,30686
30691,30693
30699,30701
30706,30708
30709,30711
30712,30714
30718,30720
30721,30723
30726,30728
30731,30733
30740,30742
30745,30747
30752,30754
30760,30762
30769,30771
30775,30777
30782,30784
30788,30790
30794,30796
30798,30800
30804,30806
30810,30812
30815,30817
30820,30822
30828,30830
30838,30840
30844,30846
30849,30851
30853,30855
30859,30861
30862,30864
30868,30870
30872,30874
30880,30882
30887,30889
30890,30892
30895,30897
30903,30905
30910,30912
30918,30920
30926,30928
30935,30937
30944,30946
30947,30949
30950,30952
30959,30961
30965,30967
30972,30974
30980,30982
30984,30986
30988,30990
30995,30997
31002,31004
31005,31007
31010,31012
31015,31017
31021,31023
31026,31028
31031,31033
31036,31038
31040,31042
31047,31049
31053,31055
31059,31061
31065,31067
31075,31077
31084,31086
31089,31091
31095,31097
31102,31104
31109,31111
31114,31116
31119,31121
31123,31125
31127,31129
31135,31137
31145,31147
31152,31154
31159,31161
31164,31166
31172,31174
31177,31179
31181,31183
31185,31187
31194,31196
31201,31203
31207,31209
31213,31215
31218,31220
31226,31228
31232,31234
31238,31240
31249,31251
31258,31260
31264,31266
31270,31272
31276,31278
31280,31282
31284,31286
31292,31294
31297,31299
31306,31308
31315,31317
31325,31327
31330,31332
31336,31338
31341,31343
31349,31351
31354,31356
31359,31361
31363,31365
31369,31371
31374,31376
31381,31383
31386,31388
31390,31392
31396,31398
31403,31405
31411,31413
31421,31423
31430,31432
31437,31439
31444,31446
31448,31450
31453,31455
31459,31461
31464,31466
31470,31472
31476,31478
31485,31487
31495,31497
31500,31502
31506,31508
31511,31513
31515,31517
31519,31521
31523,31525
31526,31528
31534,31536
31538,31540
31546,31548
31555,31557
31560,31562
31564,31566
31569,31571
31573,31575
31578,31580
31583,31585
31586,31588
31590,31592
31600,31602
31613,31615
31618,31620
31624,31626
31627,31629
31632,31634
31636,31638
31640,31642
31645,31647
31651,31653
31661,31663
31668,31670
31673,31675
31677,31679
31681,31683
31688,31690
31691,31693
31696,31698
31704,31706
31709,31711
31714,31716
31719,31721
31723,31725
31731,31733
31740,31742
31743,31745
31748,31750
31756,31758
31760,31762
31767,31769
31773,31775
31778,31780
31784,31786
31789,31791
31797,31799
31802,31804
31807,31809
31812,31814
31817,31819
31823,31825
31831,31833
31838,31840
31846,31848
31852,31854
31858,31860
31865,31867
31875,31877
31881,31883
31886,31888
31892,31894
31899,31901
31906,31908
31914,31916
31919,31921
31924,31926
31931,31933
31940,31942
31947,31949
31956,31958
31964,31966
31973,31975
31982,31984
31986,31988
31989,31991
31999,32001
32007,32009
32013,32015
32016,32018
32021,32023
32025,32027
32029,32031
32033,32035
32041,32043
32048,32050
32057,32059
32063,32065
32069,32071
32074,32076
32085,32087
32095,32097
32103,32105
32111,32113
32115,32117
32119,32121
32127,32129
32135,32137
32140,32142
32144,32146
32148,32150
32153,32155
32158,32160
32163,32165
32170,32172
32177,32179
32186,32188
32195,32197
32202,32204
32209,32211
32213,32215
32217,32219
32225,32227
32231,32233
32237,32239
32243,32245
32255,32257
32266,32268
32270,32272
32274,32276
32279,32281
32286,32288
32294,32296
32303,32305
32308,32310
32313,32315
32317,32319
32322,32324
32325,32327
32328,32330
32332,32334
32340,32342
32347,32349
32352,32354
32359,32361
32369,32371
32378,32380
32381,32383
32385,32387
32391,32393
32398,32400
32405,32407
32418,32420
32425,32427
32431,32433
32437,32439
32443,32445
32450,32452
32457,32459
32464,32466
32471,32473
32475,32477
32480,32482
32486,32488
32494,32496
32498,32500
32503,32505
32509,32511
32516,32518
32521,32523
32528,32530
32536,32538
32544,32546
32550,32552
32560,32562
32563,32565
32567,32569
32570,32572
32576,32578
32583,32585
32589,32591
32593,32595
32602,32604
32611,32613
32616,32618
32622,32624
32627,32629
32633,32635
32645,32647
32653,32655
32660,32662
32667,32669
32675,32677
32683,32685
32690,32692
32699,32701
32703,32705
32710,32712
32716,32718
32722,32724
32727,32729
32732,32734
32737,32739
32743,32745
32747,32749
32753,32755
32759,32761
32764,32766
32769,32771
32777,32779
32786,32788
32794,32796
32801,32803
32811,32813
32821,32823
32833,32835
32839,32841
32842,32844
32848,32850
32854,32856
32861,32863
32868,32870
32875,32877
32879,32881
32887,32889
32893,32895
32899,32901
32906,32908
32914,32916
32921,32923
32925,32927
32929,32931
32938,32940
32945,32947
32954,32956
32964,32966
32968,32970
32974,32976
32980,32982
32988,32990
32994,32996
33000,33002
33004,33006
33009,33011
33015,33017
33020,33022
33025,33027
33030,33032
33036,33038
33039,33041
33042,33044
33052,33054
33068,33070
33075,33077
33082,33084
33089,33091
33094,33096
33102,33104
33107,33109
33112,33114
33116,33118
33124,33126
33133,33135
33136,33138
33140,33142
33145,33147
33150,33152
33159,33161
33167,33169
33172,33174
33181,33183
33189,33191
33196,33198
33205,33207
33215,33217
33222,33224
33230,33232
33235,33237
33240,33242
33248,33250
33252,33254
33260,33262
33268,33270
33274,33276
33284,33286
33295,33297
33307,33309
33312,33314
33317,33319
33323,33325
33329,33331
33336,33338
33348,33350
33351,33353
33359,33361
33365,33367
33371,33373
33379,33381
33382,33384
33385,33387
33390,33392
33396,33398
33400,33402
33406,33408
33409,33411
33412,33414
33418,33420
33432,33434
33440,33442
33449,33451
33456,33458
33464,33466
33469,33471
33473,33475
33477,33479
33480,33482
33487,33489
33498,33500
33503,33505
33507,33509
33512,33514
33518,33520
33523,33525
33533,33535
33544,33546
33551,33553
33556,33558
33559,33561
33563,33565
33570,33572
33577,33579
33583,33585
33590,33592
33596,33598
33601,33603
33610,33612
33619,33621
33625,33627
33629,33631
33635,33637
33641,33643
33647,33649
33658,33660
33667,33669
33676,33678
33680,33682
33687,33689
33694,33696
33699,33701
33709,33711
33718,33720
33730,33732
33736,33738
33741,33743
33747,33749
33752,33754
33758,33760
33762,33764
33767,33769
33772,33774
33778,33780
33782,33784
33793,33795
33797,33799
33801,33803
33807,33809
33812,33814
33820,33822
33826,33828
33830,33832
33837,33839
33845,33847
33851,33853
33855,33857
33860,33862
33865,33867
33869,33871
33873,33875
33877,33879
33888,33890
33896,33898
33902,33904
33913,33915
33921,33923
33931,33933
33937,33939
33941,33943
33944,33946
33953,33955
33962,33964
33971,33973
33979,33981
33985,33987
33993,33995
33996,33998
34002,34004
34008,34010
34015,34017
34021,34023
34025,34027
34030,34032
34036,34038
34045,34047
34051,34053
34057,34059
34061,34063
34071,34073
34075,34077
34079,34081
34085,34087
34091,34093
34097,34099
34102,34104
34107,34109
34113,34115
34123,34125
34129,34131
34138,34140
34146,34148
34152,34154
34157,34159
34162,34164
34171,34173
34179,34181
34185,34187
34191,34193
34203,34205
34213,34215
34219,34221
34235,34237
34242,34244
34248,34250
34257,34259
34262,34264
34269,34271
34277,34279
34287,34289
34294,34296
34298,34300
34303,34305
34307,34309
34312,34314
34318,34320
34325,34327
34330,34332
34336,34338
34344,34346
34349,34351
34353,34355
34359,34361
34366,34368
34371,34373
34375,34377
34383,34385
34391,34393
34399,34401
34408,34410
34413,34415
34418,34420
34426,34428
34434,34436
34437,34439
34443,34445
34446,34448
34453,34455
34457,34459
34463,34465
34467,34469
34472,34474
34485,34487
34494,34496
34501,34503
34505,34507
34508,34510
34513,34515
34520,34522
34525,34527
34528,34530
34532,34534
34537,34539
34544,34546
34550,34552
34557,34559
34564,34566
34568,34570
34571,34573
34577,34579
34581,34583
34585,34587
34589,34591
34594,34596
34598,34600
34603,34605
34607,34609
34613,34615
34621,34623
34626,34628
34634,34636
34642,34644
34649,34651
34658,34660
34663,34665
34667,34669
34672,34674
34681,34683
34685,34687
34695,34697
34703,34705
34708,34710
34715,34717
34719,34721
34724,34726
34729,34731
34733,34735
34737,34739
34743,34745
34750,34752
34757,34759
34764,34766
34770,34772
34777,34779
34783,34785
34788,34790
34793,34795
34799,34801
34807,34809
34814,34816
34823,34825
34832,34834
34842,34844
34850,34852
34856,34858
34864,34866
34870,34872
34875,34877
34880,34882
34888,34890
34896,34898
34903,34905
34908,34910
34913,34915
34920,34922
34926,34928
34931,34933
34935,34937
34943,34945
34950,34952
34956,34958
34962,34964
34966,34968
34971,34973
34977,34979
34982,34984
34990,34992
34995,34997
35000,35002
35004,35006
35011,35013
35021,35023
35031,35033
35041,35043
35049,35051
35056,35058
35061,35063
35066,35068
35071,35073
35075,35077
35085,35087
35095,35097
35098,35100
35104,35106
35111,35113
35123,35125
35130,35132
35136,35138
35143,35145
35148,35150
35154,35156
35162,35164
35169,35171
35179,35181
35188,35190
35196,35198
35204,35206
35211,35213
35217,35219
35223,35225
35230,35232
35236,35238
35239,35241
35248,35250
35255,35257
35258,35260
35261,35263
35266,35268
35270,35272
35276,35278
35280,35282
35287,35289
35294,35296
35300,35302
35304,35306
35313,35315
35323,35325
35330,35332
35340,35342
35350,35352
35360,35362
35365,35367
35370,35372
35375,35377
35380,35382
35385,35387
35394,35396
35399,35401
35405,35407
35413,35415
35417,35419
35422,35424
35431,35433
35442,35444
35449,35451
35455,35457
35459,35461
35465,35467
35472,35474
35479,35481
35486,35488
35491,35493
35494,35496
35498,35500
35504,35506
35510,35512
35518,35520
35526,35528
35532,35534
35538,35540
35542,35544
35550,35552
35553,35555
35562,35564
35570,35572
35577,35579
35584,35586
35588,35590
35594,35596
35600,35602
35605,35607
35610,35612
35614,35616
35620,35622
35626,35628
35631,35633
35637,35639
35646,35648
35654,35656
35661,35663
35667,35669
35671,35673
35675,35677
35680,35682
35683,35685
35687,35689
35692,35694
35698,35700
35702,35704
35708,35710
35713,35715
35719,35721
35724,35726
35728,35730
35732,35734
35740,35742
35750,35752
35757,35759
35765,35767
35768,35770
35777,35779
35789,35791
35795,35797
35801,35803
35806,35808
35814,35816
35820,35822
35828,35830
35837,35839
35844,35846
35850,35852
35859,35861
35867,35869
35872,35874
35878,35880
35882,35884
35885,35887
35892,35894
35898,35900
35902,35904
35908,35910
35914,35916
35918,35920
35923,35925
35931,35933
35937,35939
35945,35947
35952,35954
35959,35961
35968,35970
35976,35978
35981,35983
35984,35986
35989,35991
35994,35996
35999,36001
36005,36007
36012,36014
36018,36020
36025,36027
36032,36034
36038,36040
36043,36045
36046,36048
36049,36051
36057,36059
36065,36067
36070,36072
36077,36079
36084,36086
36089,36091
36093,36095
36097,36099
36103,36105
36108,36110
36116,36118
36124,36126
36130,36132
36139,36141
36147,36149
36152,36154
36158,36160
36162,36164
36168,36170
36171,36173
36178,36180
36184,36186
36190,36192
36195,36197
36202,36204
36210,36212
36218,36220
36225,36227
36233,36235
36238,36240
36246,36248
36256,36258
36262,36264
36269,36271
36274,36276
36282,36284
36289,36291
36293,36295
36300,36302
36306,36308
36316,36318
36327,36329
36334,36336
36340,36342
36347,36349
36355,36357
36361,36363
36368,36370
36373,36375
36379,36381
36386,36388
36393,36395
36400,36402
36407,36409
36412,36414
36421,36423
36425,36427
36429,36431
36433,36435
36438,36440
36444,36446
36452,36454
36459,36461
36468,36470
36473,36475
36482,36484
36485,36487
36492,36494
36499,36501
36506,36508
36513,36515
36519,36521
36525,36527
36530,36532
36538,36540
36543,36545
36550,36552
36553,36555
36559,36561
36564,36566
36567,36569
36572,36574
36578,36580
36584,36586
36591,36593
36599,36601
36606,36608
36612,36614
36618,36620
36625,36627
36630,36632
36640,36642
36652,36654
36657,36659
36662,36664
36667,36669
36680,36682
36692,36694
36696,36698
36701,36703
36707,36709
36711,36713
36720,36722
36729,36731
36735,36737
36741,36743
36748,36750
36755,36757
36764,36766
36771,36773
36778,36780
36784,36786
36789,36791
36795,36797
36802,36804
36810,36812
36819,36821
36826,36828
36833,36835
36841,36843
36849,36851
36853,36855
36858,36860
36865,36867
36872,36874
36879,36881
36883,36885
36890,36892
36899,36901
36903,36905
36907,36909
36912,36914
36919,36921
36926,36928
36934,36936
36943,36945
36953,36955
36960,36962
36965,36967
36971,36973
36980,36982
36988,36990
36994,36996
36999,37001
37009,37011
37017,37019
37025,37027
37033,37035
37041,37043
37050,37052
37057,37059
37063,37065
37068,37070
37072,37074
37078,37080
37083,37085
37088,37090
37092,37094
37100,37102
37107,37109
37112,37114
37119,37121
37125,37127
37131,37133
37138,37140
37146,37148
37150,37152
37155,37157
37159,37161
37165,37167
37169,37171
37173,37175
37177,37179
37188,37190
37196,37198
37202,37204
37207,37209
37217,37219
37226,37228
37235,37237
37242,37244
37248,37250
37254,37256
37257,37259
37262,37264
37268,37270
37272,37274
37276,37278
37281,37283
37286,37288
37290,37292
37294,37296
37299,37301
37303,37305
37306,37308
37311,37313
37314,37316
37319,37321
37325,37327
37330,37332
37336,37338
37345,37347
37352,37354
37362,37364
37366,37368
37371,37373
37380,37382
37388,37390
37395,37397
37401,37403
37408,37410
37418,37420
37424,37426
37435,37437
37438,37440
37441,37443
37447,37449
37450,37452
37454,37456
37458,37460
37466,37468
37473,37475
37482,37484
37490,37492
37497,37499
37506,37508
37512,37514
37517,37519
37521,37523
37525,37527
37530,37532
37535,37537
37543,37545
37550,37552
37556,37558
37563,37565
37569,37571
37575,37577
37582,37584
37588,37590
37592,37594
37597,37599
37603,37605
37609,37611
37614,37616
37620,37622
37624,37626
37629,37631
37634,37636
37638,37640
37644,37646
37652,37654
37657,37659
37663,37665
37671,37673
37681,37683
37690,37692
37697,37699
37707,37709
37716,37718
37720,37722
37724,37726
37730,37732
37738,37740
37741,37743
37746,37748
37755,37757
37765,37767
37769,37771
37774,37776
37786,37788
37796,37798
37801,37803
37809,37811
37815,37817
37819,37821
37822,37824
37828,37830
37836,37838
37840,37842
37845,37847
37849,37851
37853,37855
37859,37861
37864,37866
37868,37870
37873,37875
37879,37881
37887,37889
37892,37894
37896,37898
37904,37906
37911,37913
37917,37919
37924,37926
37931,37933
37939,37941
37943,37945
37947,37949
37955,37957
37964,37966
37968,37970
37972,37974
37978,37980
37982,37984
37986,37988
37991,37993
37996,37998
37999,38001
38003,38005
38009,38011
38019,38021
38028,38030
38036,38038
38043,38045
38047,38049
38054,38056
38067,38069
38077,38079
38083,38085
38089,38091
38093,38095
38098,38100
38101,38103
38106,38108
38114,38116
38123,38125
38131,38133
38140,38142
38147,38149
38153,38155
38160,38162
38169,38171
38178,38180
38182,38184
38186,38188
38193,38195
38202,38204
38208,38210
38212,38214
38216,38218
38220,38222
38224,38226
38230,38232
38236,38238
38243,38245
38255,38257
38262,38264
38269,38271
38274,38276
38277,38279
38281,38283
38285,38287
38290,38292
38296,38298
38302,38304
38308,38310
38314,38316
38329,38331
38333,38335
38337,38339
38343,38345
38348,38350
38351,38353
38355,38357
38361,38363
38367,38369
38370,38372
38373,38375
38377,38379
38381,38383
38385,38387
38390,38392
38400,38402
38410,38412
38414,38416
38418,38420
38426,38428
38433,38435
38440,38442
38449,38451
38456,38458
38465,38467
38471,38473
38478,38480
38482,38484
38486,38488
38492,38494
38498,38500
38509,38511
38520,38522
38523,38525
38528,38530
38536,38538
38543,38545
38550,38552
38556,38558
38560,38562
38572,38574
38577,38579
38586,38588
38589,38591
38592,38594
38595,38597
38604,38606
38611,38613
38617,38619
38628,38630
38637,38639
38647,38649
38655,38657
38664,38666
38671,38673
38678,38680
38684,38686
38689,38691
38698,38700
38707,38709
38715,38717
38721,38723
38728,38730
38736,38738
38745,38747
38757,38759
38761,38763
38767,38769
38775,38777
38779,38781
38784,38786
38789,38791
38794,38796
38799,38801
38803,38805
38807,38809
38813,38815
38823,38825
38828,38830
38834,38836
38841,38843
38855,38857
38863,38865
38874,38876
38878,38880
38885,38887
38893,38895
38897,38899
38909,38911
38914,38916
38919,38921
38923,38925
38927,38929
38932,38934
38937,38939
38944,38946
38948,38950
38958,38960
38962,38964
38968,38970
38973,38975
38979,38981
38984,38986
38992,38994
39008,39010
39016,39018
39022,39024
39029,39031
39035,39037
39042,39044
39048,39050
39056,39058
39064,39066
39067,39069
39071,39073
39074,39076
39078,39080
39081,39083
39084,39086
39087,39089
39093,39095
39100,39102
39105,39107
39110,39112
39114,39116
39121,39123
39128,39130
39136,39138
39144,39146
39148,39150
39153,39155
39157,39159
39161,39163
39171,39173
39181,39183
39186,39188
39190,39192
39197,39199
39203,39205
39207,39209
39210,39212
39215,39217
39221,39223
39229,39231
39237,39239
39245,39247
39254,39256
39261,39263
39267,39269
39271,39273
39275,39277
39279,39281
39283,39285
39293,39295
39302,39304
39309,39311
39315,39317
39319,39321
39323,39325
39330,39332
39337,39339
39344,39346
39352,39354
39360,39362
39371,39373
39379,39381
39386,39388
39393,39395
39401,39403
39405,39407
39409,39411
39418,39420
39427,39429
39432,39434
39437,39439
39447,39449
39456,39458
39460,39462
39468,39470
39472,39474
39478,39480
39483,39485
39487,39489
39491,39493
39495,39497
39502,39504
39510,39512
39519,39521
39522,39524
39526,39528
39532,39534
39538,39540
39544,39546
39552,39554
39555,39557
39559,39561
39565,39567
39570,39572
39576,39578
39586,39588
39592,39594
39596,39598
39603,39605
39609,39611
39616,39618
39622,39624
39628,39630
39634,39636
39641,39643
39645,39647
39648,39650
39652,39654
39656,39658
39663,39665
39674,39676
39682,39684
39688,39690
39695,39697
39703,39705
39713,39715
39723,39725
39729,39731
39736,39738
39743,39745
39748,39750
39755,39757
39761,39763
39768,39770
39782,39784
39793,39795
39799,39801
39805,39807
39811,39813
39821,39823
39833,39835
39837,39839
39844,39846
39854,39856
39860,39862
39866,39868
39871,39873
39878,39880
39882,39884
39888,39890
39896,39898
39899,39901
39903,39905
39909,39911
39915,39917
39921,39923
39928,39930
39935,39937
39939,39941
39942,39944
39947,39949
39953,39955
39959,39961
39967,39969
39975,39977
39982,39984
39989,39991
39993,39995
39999,40001
40003,40005
40007,40009
40018,40020
40030,40032
40038,40040
40045,40047
40050,40052
40054,40056
40062,40064
40072,40074
40076,40078
40081,40083
40087,40089
40095,40097
40100,40102
40107,40109
40111,40113
40116,40118
40122,40124
40128,40130
40134,40136
40138,40140
40144,40146
40149,40151
40156,40158
40163,40165
40168,40170
40174,40176
40181,40183
40189,40191
40196,40198
40203,40205
40210,40212
40216,40218
40223,40225
40230,40232
40235,40237
40240,40242
40246,40248
40252,40254
40259,40261
40267,40269
40272,40274
40276,40278
40284,40286
40292,40294
40298,40300
40303,40305
40307,40309
40311,40313
40317,40319
40324,40326
40327,40329
40330,40332
40338,40340
40344,40346
40350,40352
40356,40358
40360,40362
40368,40370
40372,40374
40383,40385
40390,40392
40397,40399
40405,40407
40414,40416
40422,40424
40430,40432
40439,40441
40447,40449
40456,40458
40466,40468
40473,40475
40480,40482
40484,40486
40489,40491
40497,40499
40503,40505
40510,40512
40517,40519
40525,40527
40534,40536
40539,40541
40544,40546
40552,40554
40557,40559
40562,40564
40574,40576
40580,40582
40587,40589
40597,40599
40601,40603
40606,40608
40612,40614
40620,40622
40626,40628
40633,40635
40636,40638
40643,40645
40652,40654
40656,40658
40667,40669
40680,40682
40683,40685
40692,40694
40696,40698
40703,40705
40711,40713
40718,40720
40724,40726
40731,40733
40735,40737
40739,40741
40745,40747
40748,40750
40754,40756
40760,40762
40765,40767
40770,40772
40776,40778
40781,40783
40786,40788
40790,40792
40797,40799
40804,40806
40811,40813
40817,40819
40821,40823
40827,40829
40832,40834
40836,40838
40844,40846
40854,40856
40870,40872
40875,40877
40879,40881
40882,40884
40885,40887
40889,40891
40894,40896
40903,40905
40910,40912
40916,40918
40923,40925
40931,40933
40941,40943
40946,40948
40959,40961
40965,40967
40972,40974
40978,40980
40983,40985
40989,40991
40994,40996
40999,41001
41004,41006
41008,41010
41013,41015
41019,41021
41024,41026
41032,41034
41038,41040
41046,41048
41052,41054
41056,41058
41059,41061
41068,41070
41080,41082
41087,41089
41103,41105
41108,41110
41113,41115
41120,41122
41129,41131
41138,41140
41144,41146
41150,41152
41155,41157
41162,41164
41169,41171
41179,41181
41185,41187
41192,41194
41199,41201
41207,41209
41217,41219
41225,41227
41232,41234
41240,41242
41249,41251
41258,41260
41265,41267
41273,41275
41278,41280
41282,41284
41287,41289
41292,41294
41301,41303
41307,41309
41313,41315
41319,41321
41323,41325
41327,41329
41334,41336
41339,41341
41346,41348
41354,41356
41360,41362
41367,41369
41377,41379
41389,41391
41396,41398
41404,41406
41412,41414
41419,41421
41425,41427
41429,41431
41435,41437
41442,41444
41448,41450
41451,41453
41458,41460
41462,41464
41466,41468
41474,41476
41481,41483
41486,41488
41497,41499
41502,41504
41514,41516
41528,41530
41533,41535
41540,41542
41550,41552
41561,41563
41571,41573
41583,41585
41590,41592
41595,41597
41601,41603
41607,41609
41612,41614
41616,41618
41620,41622
41629,41631
41632,41634
41635,41637
41640,41642
41645,41647
41654,41656
41663,41665
41667,41669
41671,41673
41674,41676
41678,41680
41684,41686
41690,41692
41697,41699
41702,41704
41706,41708
41710,41712
41718,41720
41724,41726
41732,41734
41741,41743
41746,41748
41751,41753
41755,41757
41759,41761
41767,41769
41775,41777
41780,41782
41785,41787
41794,41796
41797,41799
41801,41803
41806,41808
41813,41815
41818,41820
41823,41825
41830,41832
41838,41840
41843,41845
41849,41851
41854,41856
41859,41861
41866,41868
41873,41875
41877,41879
41883,41885
41887,41889
41894,41896
41899,41901
41906,41908
41912,41914
41916,41918
41922,41924
41930,41932
41939,41941
41947,41949
41953,41955
41962,41964
41966,41968
41972,41974
41979,41981
41986,41988
41994,41996
42002,42004
42008,42010
42013,42015
42017,42019
42021,42023
42026,42028
42029,42031
42037,42039
42047,42049
42051,42053
42062,42064
42076,42078
42082,42084
42093,42095
42101,42103
42105,42107
42109,42111
42112,42114
42116,42118
42122,42124
42127,42129
42132,42134
42137,42139
42142,42144
42145,42147
42152,42154
42162,42164
42173,42175
42176,42178
42180,42182
42189,42191
42194,42196
42199,42201
42204,42206
42209,42211
42215,42217
42222,42224
42231,42233
42239,42241
42247,42249
42252,42254
42260,42262
42264,42266
42274,42276
42279,42281
42283,42285
42289,42291
42296,42298
42301,42303
42306,42308
42312,42314
42317,42319
42323,42325
42330,42332
42336,42338
42341,42343
42351,42353
42360,42362
42365,42367
42368,42370
42376,42378
42384,42386
42392,42394
42400,42402
42403,42405
42407,42409
42418,42420
42429,42431
42439,42441
42448,42450
42460,42462
42473,42475
42479,42481
42485,42487
42488,42490
42493,42495
42498,42500
42502,42504
42509,42511
42519,42521
42528,42530
42536,42538
42550,42552
42557,42559
42563,42565
42571,42573
42579,42581
42582,42584
42585,42587
42589,42591
42595,42597
42603,42605
42611,42613
42619,42621
42626,42628
42630,42632
42636,42638
42644,42646
42651,42653
42659,42661
42668,42670
42672,42674
42676,42678
42682,42684
42690,42692
42695,42697
42701,42703
42709,42711
42717,42719
42726,42728
42736,42738
42742,42744
42748,42750
42756,42758
42762,42764
42769,42771
42774,42776
42781,42783
42786,42788
42791,42793
42796,42798
42802,42804
42807,42809
42811,42813
42821,42823
42828,42830
42840,42842
42850,42852
42859,42861
42863,42865
42872,42874
42878,42880
42883,42885
42892,42894
42897,42899
42905,42907
42913,42915
42919,42921
42925,42927
42929,42931
42933,42935
42937,42939
42941,42943
42945,42947
42950,42952
42954,42956
42957,42959
42962,42964
42967,42969
42978,42980
42990,42992
42994,42996
42998,43000
43007,43009
43015,43017
43024,43026
43029,43031
43036,43038
43041,43043
43046,43048
43051,43053
43059,43061
43067,43069
43070,43072
43075,43077
43078,43080
43081,43083
43084,43086
43089,43091
43096,43098
43102,43104
43106,43108
43115,43117
43122,43124
43130,43132
43135,43137
43148,43150
43157,43159
43166,43168
43172,43174
43179,43181
43184,43186
43189,43191
43194,43196
43199,43201
43210,43212
43220,43222
43229,43231
43238,43240
43246,43248
43253,43255
43260,43262
43264,43266
43271,43273
43276,43278
43283,43285
43287,43289
43293,43295
43299,43301
43309,43311
43324,43326
43328,43330
43332,43334
43336,43338
43340,43342
43344,43346
43348,43350
43354,43356
43361,43363
43367,43369
43374,43376
43381,43383
43388,43390
43393,43395
43399,43401
43404,43406
43408,43410
43414,43416
43422,43424
43429,43431
43437,43439
43445,43447
43453,43455
43462,43464
43468,43470
43475,43477
43480,43482
43486,43488
43492,43494
43497,43499
43504,43506
43513,43515
43520,43522
43525,43527
43533,43535
43540,43542
43546,43548
43560,43562
43564,43566
43568,43570
43574,43576
43580,43582
43587,43589
43593,43595
43600,43602
43606,43608
43610,43612
43614,43616
43620,43622
43626,43628
43635,43637
43645,43647
43656,43658
43667,43669
43673,43675
43677,43679
43680,43682
43685,43687
43691,43693
43698,43700
43704,43706
43709,43711
43713,43715
43721,43723
43725,43727
43729,43731
43735,43737
43742,43744
43749,43751
43756,43758
43764,43766
43772,43774
43777,43779
43784,43786
43794,43796
43805,43807
43808,43810
43812,43814
43822,43824
43830,43832
43837,43839
43844,43846
43849,43851
43854,43856
43859,43861
43863,43865
43868,43870
43874,43876
43879,43881
43890,43892
43900,43902
43910,43912
43916,43918
43925,43927
43930,43932
43933,43935
43937,43939
43943,43945
43948,43950
43954,43956
43961,43963
43966,43968
43974,43976
43977,43979
43984,43986
43992,43994
43999,44001
44006,44008
44010,44012
44013,44015
44016,44018
44020,44022
44027,44029
44034,44036
44044,44046
44055,44057
44060,44062
44065,44067
44070,44072
44082,44084
44085,44087
44091,44093
44100,44102
44109,44111
44112,44114
44116,44118
44120,44122
44125,44127
44131,44133
44138,44140
44146,44148
44153,44155
44166,44168
44179,44181
44184,44186
44189,44191
44198,44200
44207,44209
44214,44216
44219,44221
44227,44229
44235,44237
44241,44243
44248,44250
44252,44254
44256,44258
44260,44262
44266,44268
44274,44276
44284,44286
44291,44293
44296,44298
44303,44305
44309,44311
44314,44316
44322,44324
44327,44329
44332,44334
44338,44340
44348,44350
44355,44357
44363,44365
44370,44372
44377,44379
44383,44385
44388,44390
44393,44395
44401,44403
44413,44415
44424,44426
44436,44438
44441,44443
44445,44447
44449,44451
44455,44457
44465,44467
44469,44471
44472,44474
44477,44479
44480,44482
44485,44487
44491,44493
44496,44498
44502,44504
44507,44509
44516,44518
44525,44527
44529,44531
44533,44535
44539,44541
44543,44545
44549,44551
44552,44554
44556,44558
44562,44564
44569,44571
44577,44579
44584,44586
44591,44593
44605,44607
44618,44620
44624,44626
44630,44632
44639,44641
44648,44650
44653,44655
44661,44663
44670,44672
44677,44679
44682,44684
44686,44688
44691,44693
44697,44699
44702,44704
44711,44713
44714,44716
44720,44722
44725,44727
44728,44730
44731,44733
44739,44741
44747,44749
44756,44758
44767,44769
44771,44773
44777,44779
44785,44787
44792,44794
44796,44798
44805,44807
44817,44819
44825,44827
44830,44832
44837,44839
44844,44846
44850,44852
44858,44860
44865,44867
44874,44876
44883,44885
44890,44892
44896,44898
44906,44908
