uncorrupt_phrase_line_num,corrupt_phrase_line_num
1,4
8,11
18,21
26,29
35,38
42,45
49,52
55,58
62,65
67,70
71,74
79,82
87,90
93,96
101,104
108,111
115,118
122,125
130,133
135,138
141,144
147,150
161,164
166,169
172,175
191,194
197,200
202,205
209,212
224,227
229,232
233,236
238,241
246,249
256,259
262,265
280,283
284,287
289,292
298,301
305,308
312,315
319,322
324,327
330,333
335,338
339,342
346,349
353,356
361,364
373,376
381,384
396,399
403,406
409,412
421,424
426,429
431,434
437,440
448,451
455,458
460,463
465,468
473,476
483,486
488,491
498,501
507,510
513,516
522,525
532,535
540,543
546,549
552,555
565,568
569,572
573,576
579,582
583,586
594,597
598,601
602,605
606,609
617,620
627,630
635,638
640,643
645,648
653,656
665,668
672,675
679,682
684,687
704,707
710,713
722,725
732,735
739,742
748,751
754,757
762,765
769,772
774,777
794,797
799,802
805,808
814,817
821,824
826,829
833,836
839,842
846,849
851,854
857,860
864,867
870,873
874,877
880,883
884,887
891,894
897,900
904,907
912,915
920,923
926,929
932,935
937,940
943,946
948,951
959,962
967,970
976,979
983,986
1001,1004
1006,1009
1010,1013
1019,1022
1031,1034
1038,1041
1043,1046
1050,1053
1057,1060
1062,1065
1074,1077
1078,1081
1091,1094
1103,1106
1111,1114
1121,1124
1129,1132
1138,1141
1146,1149
1159,1162
1170,1173
1184,1187
1191,1194
1198,1201
1203,1206
1221,1224
1230,1233
1237,1240
1242,1245
1256,1259
1264,1267
1270,1273
1277,1280
1285,1288
1292,1295
1309,1312
1314,1317
1319,1322
1323,1326
1330,1333
1340,1343
1354,1357
1358,1361
1369,1372
1376,1379
1380,1383
1387,1390
1394,1397
1404,1407
1411,1414
1422,1425
1429,1432
1437,1440
1444,1447
1452,1455
1459,1462
1464,1467
1470,1473
1480,1483
1489,1492
1494,1497
1500,1503
1510,1513
1519,1522
1525,1528
1530,1533
1535,1538
1540,1543
1548,1551
1562,1565
1569,1572
1593,1596
1598,1601
1627,1630
1632,1635
1637,1640
1644,1647
1652,1655
1660,1663
1674,1677
1686,1689
1700,1703
1708,1711
1714,1717
1719,1722
1737,1740
1742,1745
1746,1749
1751,1754
1770,1773
1775,1778
1781,1784
1791,1794
1809,1812
1817,1820
1824,1827
1834,1837
1843,1846
1850,1853
1863,1866
1870,1873
1876,1879
1883,1886
1889,1892
1896,1899
1903,1906
1908,1911
1913,1916
1921,1924
1931,1934
1936,1939
1942,1945
1950,1953
1957,1960
1969,1972
1981,1984
1986,1989
1994,1997
2000,2003
2009,2012
2018,2021
2028,2031
2035,2038
2051,2054
2059,2062
2066,2069
2072,2075
2077,2080
2082,2085
2091,2094
2100,2103
2116,2119
2123,2126
2131,2134
2139,2142
2147,2150
2152,2155
2176,2179
2182,2185
2186,2189
2196,2199
2206,2209
2213,2216
2218,2221
2223,2226
2228,2231
2236,2239
2249,2252
2258,2261
2267,2270
2276,2279
2287,2290
2291,2294
2295,2298
2308,2311
2315,2318
2322,2325
2328,2331
2335,2338
2341,2344
2350,2353
2355,2358
2362,2365
2369,2372
2380,2383
2385,2388
2391,2394
2398,2401
2405,2408
2414,2417
2423,2426
2429,2432
2442,2445
2446,2449
2453,2456
2457,2460
2462,2465
2468,2471
2472,2475
2476,2479
2482,2485
2494,2497
2503,2506
2510,2513
2516,2519
2531,2534
2536,2539
2541,2544
2553,2556
2561,2564
2568,2571
2575,2578
2583,2586
2590,2593
2598,2601
2604,2607
2620,2623
2628,2631
2644,2647
2651,2654
2656,2659
2665,2668
2677,2680
2688,2691
2695,2698
2701,2704
2711,2714
2720,2723
2727,2730
2748,2751
2754,2757
2760,2763
2768,2771
2774,2777
2785,2788
2795,2798
2804,2807
2811,2814
2817,2820
2822,2825
2830,2833
2848,2851
2854,2857
2859,2862
2867,2870
2873,2876
2892,2895
2897,2900
2904,2907
2912,2915
2918,2921
2924,2927
2931,2934
2936,2939
2942,2945
2949,2952
2954,2957
2961,2964
2966,2969
2971,2974
2975,2978
2979,2982
2986,2989
2999,3002
3007,3010
3017,3020
3035,3038
3039,3042
3045,3048
3049,3052
3056,3059
3061,3064
3073,3076
3078,3081
3094,3097
3106,3109
3115,3118
3126,3129
3130,3133
3144,3147
3151,3154
3156,3159
3161,3164
3167,3170
3174,3177
3183,3186
3191,3194
3200,3203
3210,3213
3218,3221
3226,3229
3231,3234
3243,3246
3248,3251
3253,3256
3263,3266
3273,3276
3282,3285
3291,3294
3297,3300
3303,3306
3308,3311
3322,3325
3328,3331
3335,3338
3340,3343
3345,3348
3353,3356
3361,3364
3366,3369
3371,3374
3375,3378
3380,3383
3385,3388
3390,3393
3398,3401
3406,3409
3412,3415
3418,3421
3427,3430
3442,3445
3447,3450
3459,3462
3464,3467
3484,3487
3493,3496
3501,3504
3510,3513
3520,3523
3527,3530
3535,3538
3541,3544
3564,3567
3570,3573
3575,3578
3582,3585
3588,3591
3596,3599
3613,3616
3618,3621
3622,3625
3626,3629
3631,3634
3636,3639
3646,3649
3652,3655
3660,3663
3669,3672
3675,3678
3679,3682
3683,3686
3689,3692
3696,3699
3703,3706
3713,3716
3719,3722
3723,3726
3762,3765
3766,3769
3771,3774
3779,3782
3788,3791
3795,3798
3801,3804
3809,3812
3817,3820
3825,3828
3834,3837
3842,3845
3850,3853
3857,3860
3863,3866
3871,3874
3879,3882
3886,3889
3900,3903
3907,3910
3913,3916
3918,3921
3924,3927
3930,3933
3936,3939
3946,3949
3955,3958
3963,3966
3972,3975
3982,3985
3987,3990
3993,3996
4002,4005
4009,4012
4014,4017
4024,4027
4031,4034
4036,4039
4044,4047
4050,4053
4055,4058
4067,4070
4079,4082
4085,4088
4090,4093
4096,4099
4103,4106
4111,4114
4119,4122
4125,4128
4132,4135
4136,4139
4161,4164
4168,4171
4172,4175
4187,4190
4192,4195
4203,4206
4207,4210
4218,4221
4223,4226
4227,4230
4232,4235
4238,4241
4248,4251
4257,4260
4273,4276
4283,4286
4291,4294
4298,4301
4306,4309
4314,4317
4324,4327
4330,4333
4336,4339
4341,4344
4346,4349
4356,4359
4368,4371
4372,4375
4379,4382
4387,4390
4393,4396
4401,4404
4406,4409
4414,4417
4423,4426
4431,4434
4437,4440
4447,4450
4456,4459
4465,4468
4480,4483
4487,4490
4496,4499
4510,4513
4516,4519
4524,4527
4532,4535
4540,4543
4545,4548
4551,4554
4555,4558
4566,4569
4571,4574
4575,4578
4580,4583
4584,4587
4592,4595
4600,4603
4609,4612
4619,4622
4626,4629
4632,4635
4642,4645
4646,4649
4650,4653
4656,4659
4668,4671
4675,4678
4681,4684
4688,4691
4694,4697
4700,4703
4705,4708
4717,4720
4724,4727
4733,4736
4742,4745
4746,4749
4750,4753
4755,4758
4760,4763
4764,4767
4772,4775
4777,4780
4783,4786
4788,4791
4795,4798
4804,4807
4812,4815
4820,4823
4828,4831
4836,4839
4847,4850
4857,4860
4866,4869
4875,4878
4903,4906
4909,4912
4915,4918
4923,4926
4930,4933
4938,4941
4943,4946
4948,4951
4957,4960
4967,4970
4974,4977
4984,4987
4991,4994
4998,5001
5004,5007
5009,5012
5016,5019
5030,5033
5037,5040
5043,5046
5050,5053
5057,5060
5061,5064
5066,5069
5072,5075
5078,5081
5083,5086
5090,5093
5096,5099
5105,5108
5109,5112
5118,5121
5124,5127
5129,5132
5139,5142
5144,5147
5153,5156
5161,5164
5167,5170
5172,5175
5180,5183
5188,5191
5195,5198
5200,5203
5205,5208
5212,5215
5217,5220
5221,5224
5234,5237
5239,5242
5248,5251
5253,5256
5263,5266
5269,5272
5278,5281
5283,5286
5287,5290
5298,5301
5309,5312
5315,5318
5321,5324
5326,5329
5330,5333
5342,5345
5357,5360
5362,5365
5369,5372
5384,5387
5390,5393
5398,5401
5404,5407
5415,5418
5423,5426
5435,5438
5442,5445
5456,5459
5465,5468
5476,5479
5489,5492
5500,5503
5513,5516
5522,5525
5528,5531
5536,5539
5543,5546
5550,5553
5557,5560
5562,5565
5566,5569
5573,5576
5578,5581
5587,5590
5597,5600
5605,5608
5620,5623
5630,5633
5638,5641
5645,5648
5657,5660
5663,5666
5669,5672
5676,5679
5681,5684
5690,5693
5699,5702
5705,5708
5711,5714
5726,5729
5736,5739
5743,5746
5751,5754
5758,5761
5772,5775
5779,5782
5787,5790
5794,5797
5802,5805
5810,5813
5817,5820
5823,5826
5827,5830
5835,5838
5841,5844
5850,5853
5859,5862
5865,5868
5880,5883
5891,5894
5895,5898
5905,5908
5909,5912
5914,5917
5918,5921
5923,5926
5936,5939
5940,5943
5946,5949
5953,5956
5960,5963
5967,5970
5974,5977
5985,5988
5997,6000
6005,6008
6012,6015
6017,6020
6022,6025
6030,6033
6038,6041
6044,6047
6059,6062
6065,6068
6084,6087
6093,6096
6101,6104
6113,6116
6118,6121
6123,6126
6128,6131
6133,6136
6142,6145
6154,6157
6160,6163
6166,6169
6175,6178
6181,6184
6188,6191
6194,6197
6199,6202
6206,6209
6213,6216
6220,6223
6230,6233
6241,6244
6249,6252
6256,6259
6261,6264
6273,6276
6278,6281
6285,6288
6292,6295
6296,6299
6302,6305
6307,6310
6316,6319
6327,6330
6338,6341
6343,6346
6348,6351
6354,6357
6369,6372
6377,6380
6385,6388
6394,6397
6401,6404
6405,6408
6409,6412
6416,6419
6427,6430
6432,6435
6438,6441
6443,6446
6449,6452
6453,6456
6459,6462
6463,6466
6467,6470
6475,6478
6490,6493
6501,6504
6511,6514
6520,6523
6527,6530
6536,6539
6558,6561
6568,6571
6578,6581
6587,6590
6597,6600
6604,6607
6618,6621
6625,6628
6631,6634
6636,6639
6641,6644
6655,6658
6664,6667
6674,6677
6683,6686
6687,6690
6691,6694
6711,6714
6716,6719
6722,6725
6730,6733
6742,6745
6750,6753
6759,6762
6767,6770
6773,6776
6780,6783
6785,6788
6798,6801
6803,6806
6809,6812
6814,6817
6826,6829
6834,6837
6841,6844
6848,6851
6854,6857
6859,6862
6866,6869
6874,6877
6880,6883
6892,6895
6898,6901
6911,6914
6918,6921
6925,6928
6933,6936
6940,6943
6944,6947
6948,6951
6959,6962
6964,6967
6970,6973
6974,6977
6979,6982
6986,6989
6993,6996
7004,7007
7009,7012
7019,7022
7027,7030
7032,7035
7039,7042
7045,7048
7052,7055
7061,7064
7068,7071
7074,7077
7081,7084
7094,7097
7100,7103
7122,7125
7127,7130
7135,7138
7146,7149
7153,7156
7160,7163
7164,7167
7169,7172
7176,7179
7188,7191
7193,7196
7200,7203
7210,7213
7217,7220
7222,7225
7227,7230
7236,7239
7244,7247
7250,7253
7264,7267
7272,7275
7276,7279
7281,7284
7287,7290
7295,7298
7308,7311
7313,7316
7318,7321
7323,7326
7329,7332
7336,7339
7345,7348
7351,7354
7357,7360
7362,7365
7367,7370
7374,7377
7384,7387
7394,7397
7401,7404
7407,7410
7415,7418
7422,7425
7429,7432
7435,7438
7441,7444
7447,7450
7452,7455
7457,7460
7463,7466
7469,7472
7474,7477
7480,7483
7484,7487
7488,7491
7493,7496
7503,7506
7510,7513
7518,7521
7524,7527
7529,7532
7534,7537
7542,7545
7546,7549
7554,7557
7564,7567
7569,7572
7576,7579
7582,7585
7586,7589
7590,7593
7596,7599
7601,7604
7609,7612
7618,7621
7625,7628
7632,7635
7638,7641
7644,7647
7650,7653
7656,7659
7663,7666
7669,7672
7676,7679
7683,7686
7687,7690
7691,7694
7698,7701
7716,7719
7723,7726
7735,7738
7741,7744
7748,7751
7754,7757
7759,7762
7770,7773
7776,7779
7781,7784
7785,7788
7789,7792
7793,7796
7799,7802
7805,7808
7810,7813
7815,7818
7821,7824
7827,7830
7835,7838
7843,7846
7853,7856
7861,7864
7866,7869
7870,7873
7875,7878
7883,7886
7889,7892
7894,7897
7899,7902
7907,7910
7927,7930
7932,7935
7950,7953
7955,7958
7965,7968
7971,7974
7977,7980
7983,7986
7994,7997
8004,8007
8013,8016
8023,8026
8030,8033
8041,8044
8053,8056
8058,8061
8077,8080
8083,8086
8089,8092
8097,8100
8107,8110
8116,8119
8123,8126
8130,8133
8138,8141
8147,8150
8151,8154
8155,8158
8166,8169
8172,8175
8178,8181
8184,8187
8189,8192
8194,8197
8201,8204
8211,8214
8216,8219
8221,8224
8227,8230
8233,8236
8239,8242
8245,8248
8254,8257
8260,8263
8266,8269
8272,8275
8277,8280
8283,8286
8287,8290
8297,8300
8308,8311
8314,8317
8320,8323
8325,8328
8336,8339
8342,8345
8349,8352
8359,8362
8369,8372
8375,8378
8388,8391
8395,8398
8402,8405
8412,8415
8421,8424
8428,8431
8450,8453
8456,8459
8464,8467
8471,8474
8476,8479
8489,8492
8494,8497
8498,8501
8503,8506
8509,8512
8514,8517
8520,8523
8525,8528
8531,8534
8540,8543
8549,8552
8554,8557
8561,8564
8567,8570
8584,8587
8594,8597
8604,8607
8610,8613
8616,8619
8621,8624
8626,8629
8634,8637
8641,8644
8653,8656
8666,8669
8674,8677
8680,8683
8686,8689
8694,8697
8699,8702
8703,8706
8709,8712
8713,8716
8721,8724
8726,8729
8734,8737
8739,8742
8744,8747
8754,8757
8761,8764
8767,8770
8775,8778
8780,8783
8796,8799
8803,8806
8809,8812
8813,8816
8821,8824
8825,8828
8833,8836
8842,8845
8860,8863
8864,8867
8868,8871
8876,8879
8885,8888
8890,8893
8895,8898
8902,8905
8911,8914
8916,8919
8922,8925
8928,8931
8933,8936
8941,8944
8953,8956
8961,8964
8969,8972
8979,8982
8987,8990
8995,8998
9002,9005
9019,9022
9024,9027
9031,9034
9037,9040
9044,9047
9053,9056
9057,9060
9062,9065
9076,9079
9084,9087
9113,9116
9118,9121
9122,9125
9128,9131
9134,9137
9141,9144
9150,9153
9159,9162
9164,9167
9170,9173
9176,9179
9188,9191
9200,9203
9205,9208
9210,9213
9216,9219
9223,9226
9230,9233
9238,9241
9244,9247
9251,9254
9256,9259
9262,9265
9271,9274
9280,9283
9286,9289
9294,9297
9298,9301
9304,9307
9316,9319
9322,9325
9327,9330
9336,9339
9345,9348
9360,9363
9389,9392
9395,9398
9401,9404
9407,9410
9413,9416
9421,9424
9427,9430
9431,9434
9437,9440
9445,9448
9455,9458
9462,9465
9468,9471
9476,9479
9485,9488
9491,9494
9497,9500
9504,9507
9512,9515
9517,9520
9522,9525
9526,9529
9531,9534
9536,9539
9540,9543
9548,9551
9554,9557
9564,9567
9568,9571
9572,9575
9577,9580
9582,9585
9589,9592
9597,9600
9604,9607
9611,9614
9619,9622
9627,9630
9634,9637
9642,9645
9647,9650
9652,9655
9657,9660
9661,9664
9667,9670
9674,9677
9680,9683
9691,9694
9698,9701
9703,9706
9710,9713
9716,9719
9724,9727
9746,9749
9754,9757
9779,9782
9785,9788
9792,9795
9799,9802
9806,9809
9813,9816
9818,9821
9824,9827
9839,9842
9845,9848
9853,9856
9859,9862
9876,9879
9886,9889
9899,9902
9904,9907
9909,9912
9915,9918
9921,9924
9927,9930
9934,9937
9944,9947
9956,9959
9965,9968
9971,9974
9977,9980
9986,9989
9992,9995
9998,10001
10008,10011
10021,10024
10025,10028
10031,10034
10050,10053
10058,10061
10068,10071
10083,10086
10092,10095
10100,10103
10108,10111
10114,10117
10169,10172
10179,10182
10199,10202
10211,10214
10219,10222
10226,10229
10233,10236
10239,10242
10245,10248
10255,10258
10266,10269
10272,10275
10277,10280
10283,10286
10288,10291
10294,10297
10301,10304
10315,10318
10321,10324
10328,10331
10336,10339
10342,10345
10350,10353
10359,10362
10364,10367
10370,10373
10376,10379
10381,10384
10387,10390
10393,10396
10399,10402
10407,10410
10416,10419
10427,10430
10434,10437
10445,10448
10454,10457
10464,10467
10485,10488
10492,10495
10499,10502
10504,10507
10513,10516
10517,10520
10523,10526
10528,10531
10537,10540
10547,10550
10553,10556
10560,10563
10569,10572
10578,10581
10584,10587
10597,10600
10604,10607
10611,10614
10618,10621
10626,10629
10631,10634
10637,10640
10643,10646
10648,10651
10653,10656
10658,10661
10664,10667
10671,10674
10678,10681
10685,10688
10696,10699
10707,10710
10714,10717
10721,10724
10727,10730
10739,10742
10746,10749
10753,10756
10773,10776
10778,10781
10787,10790
10795,10798
10801,10804
10811,10814
10821,10824
10828,10831
10835,10838
10842,10845
10852,10855
10859,10862
10872,10875
10880,10883
10888,10891
10901,10904
10915,10918
10922,10925
10927,10930
10934,10937
10938,10941
10946,10949
10952,10955
10958,10961
10963,10966
10969,10972
10976,10979
10985,10988
10992,10995
10996,10999
11000,11003
11008,11011
11015,11018
11023,11026
11029,11032
11036,11039
11049,11052
11055,11058
11068,11071
11072,11075
11078,11081
11088,11091
11100,11103
11108,11111
11125,11128
11129,11132
11135,11138
11143,11146
11149,11152
11165,11168
11172,11175
11179,11182
11186,11189
11193,11196
11201,11204
11208,11211
11215,11218
11221,11224
11230,11233
11236,11239
11242,11245
11248,11251
11260,11263
11267,11270
11272,11275
11279,11282
11288,11291
11295,11298
11305,11308
11318,11321
11324,11327
11335,11338
11342,11345
11349,11352
11360,11363
11383,11386
11389,11392
11397,11400
11403,11406
11413,11416
11423,11426
11432,11435
11445,11448
11454,11457
11459,11462
11466,11469
11474,11477
11483,11486
11489,11492
11494,11497
11499,11502
11506,11509
11517,11520
11531,11534
11535,11538
11547,11550
11556,11559
11564,11567
11572,11575
11585,11588
11600,11603
11605,11608
11615,11618
11623,11626
11633,11636
11639,11642
11644,11647
11656,11659
11661,11664
11666,11669
11674,11677
11684,11687
11692,11695
11706,11709
11715,11718
11725,11728
11732,11735
11739,11742
11745,11748
11751,11754
11759,11762
11765,11768
11770,11773
11775,11778
11779,11782
11783,11786
11788,11791
11802,11805
11809,11812
11815,11818
11821,11824
11833,11836
11837,11840
11849,11852
11856,11859
11862,11865
11872,11875
11885,11888
11889,11892
11895,11898
11903,11906
11911,11914
11925,11928
11931,11934
11952,11955
11958,11961
11964,11967
11970,11973
11977,11980
11984,11987
11999,12002
12004,12007
12008,12011
12013,12016
12019,12022
12025,12028
12030,12033
12035,12038
12046,12049
12052,12055
12060,12063
12065,12068
12070,12073
12078,12081
12086,12089
12093,12096
12101,12104
12107,12110
12112,12115
12120,12123
12129,12132
12139,12142
12144,12147
12148,12151
12159,12162
12172,12175
12186,12189
12215,12218
12225,12228
12233,12236
12240,12243
12248,12251
12255,12258
12265,12268
12277,12280
12286,12289
12294,12297
12301,12304
12309,12312
12315,12318
12323,12326
12328,12331
12334,12337
12339,12342
12345,12348
12349,12352
12355,12358
12361,12364
12371,12374
12378,12381
12384,12387
12390,12393
12397,12400
12404,12407
12411,12414
12417,12420
12430,12433
12437,12440
12443,12446
12452,12455
12467,12470
12477,12480
12483,12486
12491,12494
12497,12500
12502,12505
12507,12510
12513,12516
12521,12524
12527,12530
12536,12539
12544,12547
12550,12553
12555,12558
12560,12563
12566,12569
12572,12575
12580,12583
12588,12591
12596,12599
12605,12608
12612,12615
12617,12620
12623,12626
12627,12630
12636,12639
12640,12643
12650,12653
12657,12660
12664,12667
12679,12682
12685,12688
12692,12695
12702,12705
12719,12722
12725,12728
12734,12737
12739,12742
12749,12752
12760,12763
12777,12780
12783,12786
12792,12795
12799,12802
12805,12808
12809,12812
12813,12816
12819,12822
12823,12826
12829,12832
12835,12838
12843,12846
12859,12862
12865,12868
12870,12873
12874,12877
12880,12883
12886,12889
12894,12897
12900,12903
12912,12915
12918,12921
12928,12931
12935,12938
12941,12944
12946,12949
12959,12962
12966,12969
12977,12980
12984,12987
12990,12993
12998,13001
13005,13008
13011,13014
13016,13019
13022,13025
13029,13032
13039,13042
13053,13056
13072,13075
13077,13080
13083,13086
13091,13094
13101,13104
13111,13114
13121,13124
13129,13132
13135,13138
13140,13143
13160,13163
13168,13171
13186,13189
13193,13196
13199,13202
13206,13209
13214,13217
13222,13225
13230,13233
13240,13243
13249,13252
13258,13261
13269,13272
13274,13277
13296,13299
13305,13308
13315,13318
13324,13327
13330,13333
13354,13357
13363,13366
13373,13376
13382,13385
13390,13393
13396,13399
13403,13406
13411,13414
13421,13424
13426,13429
13435,13438
13440,13443
13451,13454
13455,13458
13459,13462
13467,13470
13475,13478
13491,13494
13498,13501
13507,13510
13513,13516
13517,13520
13522,13525
13527,13530
13534,13537
13542,13545
13549,13552
13561,13564
13569,13572
13582,13585
13588,13591
13595,13598
13602,13605
13609,13612
13614,13617
13624,13627
13630,13633
13641,13644
13647,13650
13652,13655
13660,13663
13668,13671
13675,13678
13686,13689
13698,13701
13707,13710
13715,13718
13721,13724
13727,13730
13732,13735
13737,13740
13745,13748
13751,13754
13760,13763
13768,13771
13774,13777
13778,13781
13782,13785
13786,13789
13794,13797
13805,13808
13809,13812
13819,13822
13827,13830
13831,13834
13838,13841
13842,13845
13852,13855
13859,13862
13875,13878
13881,13884
13895,13898
13901,13904
13907,13910
13912,13915
13917,13920
13927,13930
13935,13938
13941,13944
13948,13951
13952,13955
13957,13960
13963,13966
13967,13970
13976,13979
13986,13989
13992,13995
13999,14002
14009,14012
14018,14021
14025,14028
14036,14039
14043,14046
14050,14053
14058,14061
14063,14066
14073,14076
14079,14082
14086,14089
14093,14096
14102,14105
14112,14115
14117,14120
14122,14125
14128,14131
14135,14138
14140,14143
14145,14148
14152,14155
14176,14179
14181,14184
14187,14190
14193,14196
14202,14205
14207,14210
14219,14222
14224,14227
14230,14233
14237,14240
14242,14245
14247,14250
14261,14264
14266,14269
14275,14278
14283,14286
14292,14295
14300,14303
14311,14314
14317,14320
14323,14326
14329,14332
14334,14337
14338,14341
14342,14345
14346,14349
14352,14355
14361,14364
14369,14372
14374,14377
14379,14382
14385,14388
14395,14398
14402,14405
14418,14421
14424,14427
14431,14434
14440,14443
14451,14454
14457,14460
14464,14467
14472,14475
14480,14483
14486,14489
14493,14496
14498,14501
14503,14506
14511,14514
14527,14530
14536,14539
14546,14549
14551,14554
14558,14561
14562,14565
14568,14571
14579,14582
14603,14606
14610,14613
14617,14620
14625,14628
14632,14635
14637,14640
14641,14644
14646,14649
14651,14654
14661,14664
14669,14672
14674,14677
14688,14691
14693,14696
14698,14701
14705,14708
14711,14714
14717,14720
14721,14724
14727,14730
14733,14736
14738,14741
14742,14745
14750,14753
14756,14759
14762,14765
14768,14771
14775,14778
14781,14784
14791,14794
14802,14805
14810,14813
14819,14822
14832,14835
14838,14841
14844,14847
14852,14855
14859,14862
14869,14872
14877,14880
14885,14888
14899,14902
14905,14908
14910,14913
14921,14924
14930,14933
14939,14942
14944,14947
14950,14953
14957,14960
14964,14967
14974,14977
14980,14983
14988,14991
14996,14999
15012,15015
15019,15022
15029,15032
15037,15040
15043,15046
15049,15052
15053,15056
15058,15061
15065,15068
15074,15077
15085,15088
15095,15098
15105,15108
15113,15116
15122,15125
15136,15139
15143,15146
15153,15156
15161,15164
15174,15177
15181,15184
15198,15201
15203,15206
15207,15210
15215,15218
15222,15225
15229,15232
15235,15238
15243,15246
15253,15256
15261,15264
15279,15282
15283,15286
15294,15297
15305,15308
15311,15314
15315,15318
15321,15324
15332,15335
15344,15347
15359,15362
15367,15370
15376,15379
15387,15390
15392,15395
15397,15400
15405,15408
15411,15414
15415,15418
15431,15434
15441,15444
15452,15455
15463,15466
15471,15474
15479,15482
15487,15490
15495,15498
15503,15506
15511,15514
15516,15519
15521,15524
15528,15531
15533,15536
15538,15541
15544,15547
15555,15558
15575,15578
15581,15584
15599,15602
15605,15608
15612,15615
15619,15622
15626,15629
15637,15640
15646,15649
15655,15658
15664,15667
15673,15676
15680,15683
15689,15692
15697,15700
15702,15705
15707,15710
15716,15719
15723,15726
15728,15731
15739,15742
15745,15748
15753,15756
15757,15760
15765,15768
15772,15775
15779,15782
15786,15789
15792,15795
15812,15815
15817,15820
15822,15825
15840,15843
15845,15848
15853,15856
15861,15864
15867,15870
15881,15884
15888,15891
15898,15901
15904,15907
15920,15923
15926,15929
15940,15943
15947,15950
15952,15955
15960,15963
15970,15973
15974,15977
15979,15982
15987,15990
15995,15998
16002,16005
16009,16012
16014,16017
16023,16026
16028,16031
16034,16037
16040,16043
16044,16047
16048,16051
16057,16060
16066,16069
16075,16078
16081,16084
16091,16094
16096,16099
16101,16104
16108,16111
16115,16118
16121,16124
16126,16129
16137,16140
16147,16150
16152,16155
16156,16159
16166,16169
16176,16179
16185,16188
16194,16197
16205,16208
16215,16218
16225,16228
16242,16245
16254,16257
16270,16273
16275,16278
16287,16290
16291,16294
16295,16298
16302,16305
16307,16310
16314,16317
16320,16323
16326,16329
16332,16335
16337,16340
16342,16345
16347,16350
16373,16376
16379,16382
16390,16393
16395,16398
16400,16403
16408,16411
16413,16416
16418,16421
16425,16428
16431,16434
16443,16446
16467,16470
16474,16477
16480,16483
16484,16487
16489,16492
16496,16499
16502,16505
16513,16516
16523,16526
16536,16539
16544,16547
16554,16557
16560,16563
16566,16569
16572,16575
16589,16592
16593,16596
16597,16600
16603,16606
16612,16615
16616,16619
16624,16627
16631,16634
16637,16640
16649,16652
16654,16657
16662,16665
16673,16676
16682,16685
16688,16691
16695,16698
16702,16705
16712,16715
16725,16728
16734,16737
16742,16745
16749,16752
16756,16759
16763,16766
16772,16775
16782,16785
16791,16794
16798,16801
16804,16807
16809,16812
16814,16817
16820,16823
16826,16829
16832,16835
16839,16842
16845,16848
16851,16854
16857,16860
16862,16865
16869,16872
16881,16884
16887,16890
16893,16896
16899,16902
16921,16924
16928,16931
16939,16942
16945,16948
16952,16955
16960,16963
16964,16967
16969,16972
16977,16980
16985,16988
16997,17000
17004,17007
17011,17014
17016,17019
17023,17026
17028,17031
17048,17051
17058,17061
17066,17069
17071,17074
17076,17079
17082,17085
17087,17090
17092,17095
17098,17101
17103,17106
17108,17111
17116,17119
17123,17126
17127,17130
17135,17138
17149,17152
17155,17158
17162,17165
17167,17170
17172,17175
17180,17183
17186,17189
17194,17197
17200,17203
17206,17209
17211,17214
17217,17220
17229,17232
17235,17238
17243,17246
17249,17252
17257,17260
17265,17268
17272,17275
17278,17281
17289,17292
17326,17329
17331,17334
17337,17340
17341,17344
17350,17353
17358,17361
17369,17372
17380,17383
17388,17391
17397,17400
17403,17406
17408,17411
17416,17419
17426,17429
17430,17433
17434,17437
17440,17443
17444,17447
17449,17452
17461,17464
17469,17472
17476,17479
17482,17485
17493,17496
17503,17506
17509,17512
17516,17519
17525,17528
17529,17532
17534,17537
17542,17545
17548,17551
17555,17558
17570,17573
17580,17583
17591,17594
17598,17601
17615,17618
17619,17622
17630,17633
17637,17640
17652,17655
17658,17661
17663,17666
17667,17670
17671,17674
17675,17678
17679,17682
17683,17686
17691,17694
17704,17707
17711,17714
17716,17719
17729,17732
17733,17736
17751,17754
17756,17759
17764,17767
17775,17778
17781,17784
17788,17791
17796,17799
17800,17803
17808,17811
17817,17820
17824,17827
17836,17839
17844,17847
17853,17856
17860,17863
17865,17868
17871,17874
17877,17880
17884,17887
17897,17900
17903,17906
17909,17912
17913,17916
17921,17924
17927,17930
17933,17936
17939,17942
17944,17947
17950,17953
17955,17958
17960,17963
17972,17975
17979,17982
17985,17988
17996,17999
18000,18003
18009,18012
18017,18020
18032,18035
18039,18042
18047,18050
18053,18056
18069,18072
18074,18077
18080,18083
18087,18090
18102,18105
18113,18116
18120,18123
18126,18129
18134,18137
18144,18147
18149,18152
18154,18157
18160,18163
18165,18168
18175,18178
18188,18191
18195,18198
18202,18205
18212,18215
18223,18226
18228,18231
18233,18236
18243,18246
18248,18251
18253,18256
18260,18263
18266,18269
18273,18276
18282,18285
18288,18291
18301,18304
18308,18311
18313,18316
18319,18322
18327,18330
18336,18339
18346,18349
18354,18357
18361,18364
18367,18370
18374,18377
18383,18386
18393,18396
18403,18406
18421,18424
18426,18429
18432,18435
18437,18440
18443,18446
18451,18454
18460,18463
18464,18467
18472,18475
18479,18482
18484,18487
18489,18492
18496,18499
18501,18504
18508,18511
18520,18523
18527,18530
18531,18534
18535,18538
18542,18545
18553,18556
18566,18569
18570,18573
18583,18586
18589,18592
18595,18598
18605,18608
18617,18620
18625,18628
18631,18634
18638,18641
18645,18648
18651,18654
18662,18665
18667,18670
18676,18679
18681,18684
18687,18690
18695,18698
18703,18706
18716,18719
18721,18724
18727,18730
18733,18736
18739,18742
18747,18750
18756,18759
18761,18764
18767,18770
18771,18774
18777,18780
18782,18785
18791,18794
18797,18800
18804,18807
18811,18814
18817,18820
18827,18830
18833,18836
18839,18842
18843,18846
18847,18850
18867,18870
18878,18881
18887,18890
18894,18897
18902,18905
18908,18911
18918,18921
18923,18926
18928,18931
18934,18937
18940,18943
18945,18948
18951,18954
18959,18962
18968,18971
18972,18975
18984,18987
18992,18995
19001,19004
19008,19011
19016,19019
19020,19023
19024,19027
19032,19035
19038,19041
19050,19053
19057,19060
19067,19070
19071,19074
19081,19084
19087,19090
19095,19098
19104,19107
19111,19114
19119,19122
19127,19130
19131,19134
19136,19139
19142,19145
19155,19158
19162,19165
19170,19173
19179,19182
19189,19192
19195,19198
19201,19204
19212,19215
19222,19225
19231,19234
19239,19242
19249,19252
19254,19257
19259,19262
19264,19267
19270,19273
19279,19282
19288,19291
19294,19297
19314,19317
19319,19322
19323,19326
19327,19330
19336,19339
19345,19348
19353,19356
19373,19376
19379,19382
19387,19390
19392,19395
19396,19399
19406,19409
19414,19417
19423,19426
19434,19437
19440,19443
19447,19450
19454,19457
19460,19463
19466,19469
19475,19478
19482,19485
19488,19491
19495,19498
19501,19504
19514,19517
19520,19523
19530,19533
19536,19539
19541,19544
19548,19551
19553,19556
19560,19563
19567,19570
19574,19577
19584,19587
19596,19599
19606,19609
19613,19616
19620,19623
19628,19631
19655,19658
19661,19664
19671,19674
19678,19681
19692,19695
19698,19701
19705,19708
19710,19713
19715,19718
19725,19728
19732,19735
19739,19742
19748,19751
19755,19758
19764,19767
19769,19772
19774,19777
19781,19784
19787,19790
19794,19797
19817,19820
19824,19827
19832,19835
19841,19844
19848,19851
19855,19858
19861,19864
19867,19870
19872,19875
19880,19883
19889,19892
19897,19900
19903,19906
19910,19913
19917,19920
19921,19924
19931,19934
19939,19942
19945,19948
19951,19954
19959,19962
19965,19968
19983,19986
19993,19996
20002,20005
20008,20011
20023,20026
20027,20030
20032,20035
20038,20041
20051,20054
20057,20060
20063,20066
20071,20074
20081,20084
20087,20090
20095,20098
20103,20106
20110,20113
20119,20122
20126,20129
20140,20143
20146,20149
20150,20153
20159,20162
20167,20170
20181,20184
20190,20193
20195,20198
20203,20206
20212,20215
20218,20221
20223,20226
20231,20234
20237,20240
20247,20250
20257,20260
20265,20268
20281,20284
20286,20289
20291,20294
20298,20301
20304,20307
20311,20314
20327,20330
20335,20338
20343,20346
20350,20353
20357,20360
20364,20367
20373,20376
20379,20382
20384,20387
20395,20398
20403,20406
20419,20422
20424,20427
20437,20440
20441,20444
20447,20450
20453,20456
20460,20463
20464,20467
20474,20477
20483,20486
20493,20496
20500,20503
20512,20515
20520,20523
20534,20537
20542,20545
20548,20551
20556,20559
20563,20566
20585,20588
20591,20594
20596,20599
20606,20609
20611,20614
20616,20619
20621,20624
20626,20629
20632,20635
20637,20640
20650,20653
20662,20665
20667,20670
20671,20674
20678,20681
20683,20686
20689,20692
20694,20697
20702,20705
20711,20714
20719,20722
20727,20730
20734,20737
20739,20742
20745,20748
20749,20752
20758,20761
20766,20769
20775,20778
20783,20786
20790,20793
20797,20800
20805,20808
20815,20818
20820,20823
20826,20829
20832,20835
20838,20841
20845,20848
20851,20854
20858,20861
20866,20869
20873,20876
20878,20881
20886,20889
20890,20893
20896,20899
20903,20906
20910,20913
20916,20919
20922,20925
20935,20938
20943,20946
20949,20952
20954,20957
20961,20964
20969,20972
20975,20978
20983,20986
20991,20994
20999,21002
21007,21010
21014,21017
21025,21028
21032,21035
21039,21042
21045,21048
21050,21053
21058,21061
21066,21069
21071,21074
21077,21080
21082,21085
21087,21090
21091,21094
21101,21104
21123,21126
21132,21135
21138,21141
21145,21148
21154,21157
21166,21169
21172,21175
21180,21183
21187,21190
21194,21197
21199,21202
21205,21208
21211,21214
21222,21225
21228,21231
21233,21236
21237,21240
21242,21245
21254,21257
21260,21263
21267,21270
21272,21275
21278,21281
21284,21287
21288,21291
21293,21296
21300,21303
21307,21310
21326,21329
21330,21333
21336,21339
21343,21346
21352,21355
21360,21363
21371,21374
21375,21378
21381,21384
21391,21394
21397,21400
21405,21408
21412,21415
21427,21430
21433,21436
21439,21442
21446,21449
21453,21456
21460,21463
21470,21473
21478,21481
21485,21488
21491,21494
21499,21502
21503,21506
21508,21511
21515,21518
21526,21529
21535,21538
21545,21548
21557,21560
21563,21566
21568,21571
21576,21579
21582,21585
21588,21591
21595,21598
21602,21605
21612,21615
21621,21624
21630,21633
21635,21638
21653,21656
21660,21663
21666,21669
21672,21675
21676,21679
21682,21685
21687,21690
21699,21702
21706,21709
21714,21717
21720,21723
21726,21729
21733,21736
21749,21752
21755,21758
21766,21769
21772,21775
21780,21783
21787,21790
21797,21800
21802,21805
21809,21812
21816,21819
21826,21829
21845,21848
21850,21853
21856,21859
21866,21869
21873,21876
21880,21883
21920,21923
21926,21929
21931,21934
21936,21939
21942,21945
21947,21950
21953,21956
21960,21963
21969,21972
21983,21986
21989,21992
21997,22000
22004,22007
22010,22013
22018,22021
22026,22029
22030,22033
22035,22038
22041,22044
22046,22049
22053,22056
22062,22065
22067,22070
22074,22077
22086,22089
22095,22098
22104,22107
22109,22112
22128,22131
22136,22139
22141,22144
22147,22150
22151,22154
22164,22167
22169,22172
22174,22177
22180,22183
22188,22191
22195,22198
22203,22206
22211,22214
22218,22221
22222,22225
22227,22230
22246,22249
22257,22260
22263,22266
22269,22272
22276,22279
22284,22287
22291,22294
22301,22304
22306,22309
22310,22313
22315,22318
22326,22329
22342,22345
22348,22351
22354,22357
22362,22365
22377,22380
22384,22387
22390,22393
22397,22400
22408,22411
22418,22421
22423,22426
22428,22431
22436,22439
22450,22453
22456,22459
22462,22465
22470,22473
22475,22478
22499,22502
22520,22523
22530,22533
22556,22559
22566,22569
22575,22578
22585,22588
22594,22597
22602,22605
22607,22610
22615,22618
22629,22632
22637,22640
22650,22653
22660,22663
22669,22672
22674,22677
22679,22682
22685,22688
22696,22699
22704,22707
22713,22716
22726,22729
22735,22738
22741,22744
22746,22749
22753,22756
22759,22762
22766,22769
22771,22774
22776,22779
22783,22786
22789,22792
22794,22797
22803,22806
22811,22814
22819,22822
22829,22832
22835,22838
22840,22843
22844,22847
22854,22857
22861,22864
22870,22873
22879,22882
22888,22891
22895,22898
22903,22906
22909,22912
22942,22945
22949,22952
22959,22962
22969,22972
22974,22977
22979,22982
22987,22990
22994,22997
22999,23002
23004,23007
23010,23013
23018,23021
23024,23027
23030,23033
23036,23039
23049,23052
23054,23057
23059,23062
23065,23068
23071,23074
23075,23078
23079,23082
23084,23087
23107,23110
23118,23121
23128,23131
23135,23138
23141,23144
23147,23150
23154,23157
23159,23162
23168,23171
23176,23179
23180,23183
23184,23187
23192,23195
23202,23205
23208,23211
23227,23230
23233,23236
23242,23245
23246,23249
23255,23258
23265,23268
23270,23273
23278,23281
23282,23285
23291,23294
23299,23302
23304,23307
23312,23315
23319,23322
23325,23328
23334,23337
23341,23344
23347,23350
23351,23354
23355,23358
23360,23363
23366,23369
23373,23376
23380,23383
23385,23388
23391,23394
23401,23404
23415,23418
23424,23427
23428,23431
23436,23439
23444,23447
23455,23458
23466,23469
23474,23477
23482,23485
23486,23489
23491,23494
23496,23499
23506,23509
23516,23519
23526,23529
23541,23544
23548,23551
23565,23568
23572,23575
23577,23580
23584,23587
23590,23593
23594,23597
23601,23604
23607,23610
23616,23619
23629,23632
23634,23637
23641,23644
23646,23649
23655,23658
23665,23668
23670,23673
23678,23681
23693,23696
23702,23705
23716,23719
23735,23738
23744,23747
23756,23759
23764,23767
23770,23773
23775,23778
23781,23784
23789,23792
23798,23801
23809,23812
23819,23822
23825,23828
23831,23834
23839,23842
23864,23867
23872,23875
23878,23881
23885,23888
23896,23899
23900,23903
23905,23908
23917,23920
23924,23927
23930,23933
23934,23937
23942,23945
23948,23951
23953,23956
23960,23963
23964,23967
23970,23973
23993,23996
24000,24003
24005,24008
24012,24015
24021,24024
24030,24033
24040,24043
24051,24054
24062,24065
24067,24070
24075,24078
24085,24088
24101,24104
24114,24117
24122,24125
24131,24134
24139,24142
24153,24156
24159,24162
24171,24174
24180,24183
24189,24192
24195,24198
24208,24211
24214,24217
24222,24225
24237,24240
24245,24248
24258,24261
24266,24269
24274,24277
24281,24284
24286,24289
24305,24308
24311,24314
24315,24318
24324,24327
24341,24344
24350,24353
24357,24360
24365,24368
24375,24378
24380,24383
24386,24389
24394,24397
24402,24405
24411,24414
24420,24423
24429,24432
24437,24440
24445,24448
24452,24455
24465,24468
24471,24474
24477,24480
24483,24486
24492,24495
24498,24501
24502,24505
24509,24512
24514,24517
24521,24524
24527,24530
24538,24541
24546,24549
24557,24560
24562,24565
24567,24570
24576,24579
24584,24587
24593,24596
24602,24605
24614,24617
24618,24621
24631,24634
24643,24646
24647,24650
24655,24658
24671,24674
24683,24686
24704,24707
24713,24716
24719,24722
24728,24731
24736,24739
24744,24747
24750,24753
24759,24762
24764,24767
24771,24774
24781,24784
24792,24795
24810,24813
24817,24820
24826,24829
24841,24844
24848,24851
24854,24857
24858,24861
24863,24866
24869,24872
24874,24877
24881,24884
24897,24900
24903,24906
24911,24914
24916,24919
24921,24924
24928,24931
24936,24939
24944,24947
24950,24953
24959,24962
24982,24985
24986,24989
24996,24999
25002,25005
25010,25013
25014,25017
25019,25022
25025,25028
25032,25035
25038,25041
25050,25053
25059,25062
25065,25068
25078,25081
25093,25096
25101,25104
25111,25114
25116,25119
25131,25134
25143,25146
25148,25151
25153,25156
25161,25164
25168,25171
25175,25178
25185,25188
25199,25202
25204,25207
25210,25213
25219,25222
25227,25230
25235,25238
25243,25246
25249,25252
25255,25258
25261,25264
25267,25270
25272,25275
25279,25282
25284,25287
25290,25293
25296,25299
25300,25303
25304,25307
25310,25313
25323,25326
25329,25332
25338,25341
25344,25347
25352,25355
25361,25364
25368,25371
25382,25385
25387,25390
25392,25395
25399,25402
25407,25410
25414,25417
25418,25421
25426,25429
25433,25436
25440,25443
25451,25454
25458,25461
25465,25468
25474,25477
25485,25488
25491,25494
25502,25505
25513,25516
25524,25527
25529,25532
25535,25538
25542,25545
25546,25549
25570,25573
25578,25581
25586,25589
25596,25599
25603,25606
25609,25612
25615,25618
25625,25628
25633,25636
25641,25644
25651,25654
25688,25691
25693,25696
25698,25701
25706,25709
25713,25716
25720,25723
25728,25731
25735,25738
25745,25748
25755,25758
25773,25776
25785,25788
25794,25797
25803,25806
25811,25814
25818,25821
25828,25831
25832,25835
25836,25839
25840,25843
25848,25851
25856,25859
25864,25867
25880,25883
25891,25894
25911,25914
25917,25920
25925,25928
25933,25936
25944,25947
25951,25954
25956,25959
25966,25969
25975,25978
25980,25983
25985,25988
25990,25993
25997,26000
26003,26006
26008,26011
26017,26020
26026,26029
26031,26034
26037,26040
26041,26044
26057,26060
26069,26072
26079,26082
26092,26095
26103,26106
26112,26115
26119,26122
26125,26128
26131,26134
26135,26138
26147,26150
26158,26161
26165,26168
26170,26173
26176,26179
26182,26185
26187,26190
26193,26196
26200,26203
26208,26211
26212,26215
26216,26219
26220,26223
26229,26232
26238,26241
26242,26245
26255,26258
26268,26271
26274,26277
26286,26289
26291,26294
26297,26300
26302,26305
26307,26310
26319,26322
26326,26329
26332,26335
26339,26342
26343,26346
26351,26354
26368,26371
26377,26380
26386,26389
26395,26398
26406,26409
26421,26424
26428,26431
26433,26436
26437,26440
26442,26445
26448,26451
26455,26458
26468,26471
26476,26479
26482,26485
26488,26491
26493,26496
26503,26506
26522,26525
26528,26531
26533,26536
26541,26544
26553,26556
26561,26564
26569,26572
26574,26577
26579,26582
26588,26591
26597,26600
26603,26606
26612,26615
26616,26619
26622,26625
26629,26632
26637,26640
26644,26647
26652,26655
26662,26665
26677,26680
26683,26686
26700,26703
26707,26710
26715,26718
26721,26724
26726,26729
26733,26736
26740,26743
26745,26748
26749,26752
26757,26760
26762,26765
26768,26771
26778,26781
26783,26786
26787,26790
26792,26795
26799,26802
26808,26811
26814,26817
26822,26825
26832,26835
26839,26842
26845,26848
26851,26854
26857,26860
26862,26865
26872,26875
26878,26881
26885,26888
26893,26896
26900,26903
26906,26909
26913,26916
26918,26921
26927,26930
26932,26935
26939,26942
26952,26955
26956,26959
26962,26965
26968,26971
26976,26979
26985,26988
26993,26996
27000,27003
27011,27014
27015,27018
27023,27026
27037,27040
27063,27066
27068,27071
27074,27077
27078,27081
27086,27089
27098,27101
27108,27111
27116,27119
27124,27127
27128,27131
27134,27137
27160,27163
27169,27172
27173,27176
27177,27180
27184,27187
27192,27195
27204,27207
27211,27214
27219,27222
27223,27226
27227,27230
27236,27239
27240,27243
27247,27250
27264,27267
27269,27272
27276,27279
27283,27286
27296,27299
27303,27306
27310,27313
27317,27320
27327,27330
27336,27339
27341,27344
27347,27350
27353,27356
27362,27365
27368,27371
27377,27380
27383,27386
27389,27392
27393,27396
27397,27400
27403,27406
27411,27414
27415,27418
27421,27424
27433,27436
27442,27445
27447,27450
27457,27460
27463,27466
27471,27474
27476,27479
27482,27485
27491,27494
27499,27502
27507,27510
27515,27518
27525,27528
27533,27536
27542,27545
27547,27550
27558,27561
27567,27570
27576,27579
27584,27587
27594,27597
27602,27605
27611,27614
27618,27621
27626,27629
27633,27636
27641,27644
27647,27650
27653,27656
27661,27664
27670,27673
27675,27678
27682,27685
27690,27693
27699,27702
27705,27708
27711,27714
27715,27718
27719,27722
27725,27728
27742,27745
27751,27754
27761,27764
27766,27769
27777,27780
27781,27784
27785,27788
27793,27796
27800,27803
27806,27809
27814,27817
27822,27825
27841,27844
27849,27852
27867,27870
27876,27879
27886,27889
27893,27896
27908,27911
27918,27921
27931,27934
27955,27958
27961,27964
27967,27970
27979,27982
27998,28001
28009,28012
28020,28023
28035,28038
28041,28044
28062,28065
28068,28071
28076,28079
28083,28086
28087,28090
28092,28095
28099,28102
28106,28109
28118,28121
28126,28129
28141,28144
28151,28154
28155,28158
28160,28163
28169,28172
28175,28178
28185,28188
28191,28194
28196,28199
28202,28205
28207,28210
28218,28221
28230,28233
28250,28253
28261,28264
28268,28271
28275,28278
28293,28296
28309,28312
28314,28317
28321,28324
28326,28329
28342,28345
28349,28352
28356,28359
28363,28366
28372,28375
28379,28382
28388,28391
28392,28395
28397,28400
28403,28406
28412,28415
28420,28423
28427,28430
28433,28436
28443,28446
28450,28453
28457,28460
28462,28465
28471,28474
28480,28483
28486,28489
28492,28495
28500,28503
28507,28510
28514,28517
28522,28525
28533,28536
28538,28541
28555,28558
28559,28562
28565,28568
28571,28574
28580,28583
28597,28600
28608,28611
28619,28622
28626,28629
28635,28638
28647,28650
28652,28655
28656,28659
28662,28665
28668,28671
28674,28677
28681,28684
28690,28693
28695,28698
28704,28707
28715,28718
28720,28723
28725,28728
28732,28735
28739,28742
28748,28751
28752,28755
28759,28762
28764,28767
28770,28773
28778,28781
28785,28788
28791,28794
28797,28800
28804,28807
28809,28812
28814,28817
28822,28825
28828,28831
28836,28839
28841,28844
28849,28852
28863,28866
28867,28870
28871,28874
28876,28879
28880,28883
28891,28894
28898,28901
28904,28907
28920,28923
28929,28932
28938,28941
28944,28947
28948,28951
28957,28960
28967,28970
28974,28977
28980,28983
28994,28997
29004,29007
29013,29016
29018,29021
29024,29027
29031,29034
29041,29044
29047,29050
29052,29055
29060,29063
29069,29072
29074,29077
29079,29082
29085,29088
29091,29094
29102,29105
29112,29115
29116,29119
29123,29126
29128,29131
29133,29136
29141,29144
29157,29160
29163,29166
29169,29172
29181,29184
29191,29194
29198,29201
29203,29206
29208,29211
29214,29217
29223,29226
29231,29234
29236,29239
29252,29255
29262,29265
29273,29276
29278,29281
29282,29285
29288,29291
29296,29299
29301,29304
29306,29309
29310,29313
29315,29318
29324,29327
29335,29338
29339,29342
29345,29348
29357,29360
29364,29367
29371,29374
29379,29382
29386,29389
29392,29395
29402,29405
29409,29412
29416,29419
29423,29426
29430,29433
29437,29440
29445,29448
29453,29456
29459,29462
29472,29475
29481,29484
29490,29493
29496,29499
29502,29505
29507,29510
29514,29517
29522,29525
29531,29534
29537,29540
29542,29545
29547,29550
29551,29554
29567,29570
29576,29579
29587,29590
29602,29605
29608,29611
29612,29615
29618,29621
29623,29626
29628,29631
29633,29636
29638,29641
29649,29652
29656,29659
29668,29671
29674,29677
29680,29683
29688,29691
29694,29697
29701,29704
29708,29711
29716,29719
29724,29727
29737,29740
29747,29750
29753,29756
29759,29762
29766,29769
29772,29775
29782,29785
29791,29794
29796,29799
29802,29805
29809,29812
29820,29823
29824,29827
29829,29832
29833,29836
29843,29846
29850,29853
29859,29862
29868,29871
29877,29880
29886,29889
29891,29894
29898,29901
29902,29905
29906,29909
29918,29921
29925,29928
29931,29934
29938,29941
29947,29950
29956,29959
29965,29968
29970,29973
29975,29978
29980,29983
29986,29989
29992,29995
30006,30009
30015,30018
30031,30034
30040,30043
30046,30049
30053,30056
30070,30073
30075,30078
30082,30085
30100,30103
30105,30108
30111,30114
30123,30126
30131,30134
30139,30142
30149,30152
30157,30160
30162,30165
30169,30172
30173,30176
30178,30181
30190,30193
30204,30207
30214,30217
30219,30222
30225,30228
30231,30234
30239,30242
30246,30249
30253,30256
30261,30264
30270,30273
30276,30279
30281,30284
30287,30290
30300,30303
30305,30308
30310,30313
30317,30320
30322,30325
30327,30330
30344,30347
30349,30352
30355,30358
30364,30367
30374,30377
30389,30392
30395,30398
30405,30408
30412,30415
30426,30429
30439,30442
30447,30450
30459,30462
30466,30469
30479,30482
30485,30488
30498,30501
30510,30513
30519,30522
30524,30527
30528,30531
30533,30536
30541,30544
30548,30551
30554,30557
30560,30563
30565,30568
30575,30578
30587,30590
30592,30595
30599,30602
30613,30616
30618,30621
30626,30629
30632,30635
30645,30648
30651,30654
30664,30667
30671,30674
30678,30681
30684,30687
30691,30694
30699,30702
30721,30724
30726,30729
30731,30734
30740,30743
30745,30748
30752,30755
30760,30763
30769,30772
30775,30778
30782,30785
30798,30801
30804,30807
30810,30813
30815,30818
30820,30823
30828,30831
30838,30841
30844,30847
30853,30856
30862,30865
30868,30871
30872,30875
30880,30883
30890,30893
30895,30898
30903,30906
30910,30913
30918,30921
30926,30929
30935,30938
30950,30953
30959,30962
30965,30968
30972,30975
30988,30991
30995,30998
31005,31008
31010,31013
31015,31018
31021,31024
31026,31029
31031,31034
31040,31043
31047,31050
31053,31056
31059,31062
31065,31068
31075,31078
31084,31087
31089,31092
31095,31098
31102,31105
31109,31112
31114,31117
31119,31122
31127,31130
31135,31138
31145,31148
31152,31155
31172,31175
31177,31180
31181,31184
31185,31188
31194,31197
31201,31204
31207,31210
31213,31216
31218,31221
31249,31252
31258,31261
31264,31267
31276,31279
31280,31283
31284,31287
31292,31295
31297,31300
31306,31309
31315,31318
31325,31328
31330,31333
31336,31339
31341,31344
31349,31352
31354,31357
31359,31362
31363,31366
31369,31372
31374,31377
31381,31384
31386,31389
31390,31393
31396,31399
31403,31406
31411,31414
31421,31424
31430,31433
31437,31440
31453,31456
31459,31462
31464,31467
31470,31473
31476,31479
31485,31488
31500,31503
31511,31514
31515,31518
31519,31522
31526,31529
31534,31537
31538,31541
31546,31549
31555,31558
31573,31576
31578,31581
31586,31589
31590,31593
31600,31603
31613,31616
31618,31621
31627,31630
31640,31643
31645,31648
31651,31654
31661,31664
31668,31671
31673,31676
31677,31680
31681,31684
31691,31694
31696,31699
31714,31717
31719,31722
31723,31726
31731,31734
31743,31746
31748,31751
31760,31763
31767,31770
31778,31781
31784,31787
31789,31792
31797,31800
31802,31805
31812,31815
31817,31820
31823,31826
31831,31834
31838,31841
31846,31849
31852,31855
31865,31868
31875,31878
31881,31884
31886,31889
31892,31895
31899,31902
31906,31909
31914,31917
31919,31922
31931,31934
31940,31943
31947,31950
31956,31959
31964,31967
31973,31976
31989,31992
31999,32002
32007,32010
32016,32019
32025,32028
32033,32036
32041,32044
32048,32051
32057,32060
32063,32066
32069,32072
32074,32077
32085,32088
32095,32098
32103,32106
32119,32122
32127,32130
32135,32138
32144,32147
32148,32151
32153,32156
32158,32161
32163,32166
32170,32173
32177,32180
32186,32189
32195,32198
32202,32205
32217,32220
32225,32228
32231,32234
32237,32240
32243,32246
32255,32258
32274,32277
32279,32282
32286,32289
32294,32297
32303,32306
32308,32311
32317,32320
32328,32331
32332,32335
32340,32343
32347,32350
32352,32355
32359,32362
32369,32372
32381,32384
32385,32388
32391,32394
32398,32401
32405,32408
32418,32421
32425,32428
32431,32434
32437,32440
32443,32446
32450,32453
32457,32460
32464,32467
32471,32474
32475,32478
32480,32483
32486,32489
32498,32501
32503,32506
32509,32512
32516,32519
32521,32524
32528,32531
32536,32539
32544,32547
32550,32553
32563,32566
32570,32573
32576,32579
32583,32586
32589,32592
32593,32596
32602,32605
32611,32614
32616,32619
32622,32625
32627,32630
32633,32636
32645,32648
32653,32656
32660,32663
32667,32670
32675,32678
32683,32686
32690,32693
32703,32706
32710,32713
32716,32719
32722,32725
32727,32730
32732,32735
32737,32740
32747,32750
32753,32756
32759,32762
32764,32767
32769,32772
32777,32780
32786,32789
32794,32797
32801,32804
32811,32814
32821,32824
32833,32836
32848,32851
32854,32857
32861,32864
32868,32871
32875,32878
32879,32882
32887,32890
32893,32896
32899,32902
32906,32909
32914,32917
32921,32924
32925,32928
32929,32932
32938,32941
32945,32948
32954,32957
32968,32971
32974,32977
32980,32983
32988,32991
32994,32997
33000,33003
33004,33007
33009,33012
33015,33018
33020,33023
33025,33028
33030,33033
33042,33045
33052,33055
33068,33071
33075,33078
33082,33085
33089,33092
33094,33097
33102,33105
33116,33119
33124,33127
33136,33139
33140,33143
33145,33148
33150,33153
33159,33162
33167,33170
33172,33175
33181,33184
33189,33192
33196,33199
33205,33208
33215,33218
33222,33225
33235,33238
33240,33243
33252,33255
33260,33263
33268,33271
33274,33277
33284,33287
33295,33298
33307,33310
33312,33315
33317,33320
33323,33326
33329,33332
33351,33354
33365,33368
33371,33374
33385,33388
33390,33393
33396,33399
33400,33403
33412,33415
33418,33421
33432,33435
33440,33443
33449,33452
33456,33459
33464,33467
33469,33472
33480,33483
33487,33490
33498,33501
33503,33506
33512,33515
33518,33521
33523,33526
33533,33536
33544,33547
33551,33554
33559,33562
33563,33566
33570,33573
33577,33580
33583,33586
33590,33593
33596,33599
33601,33604
33610,33613
33619,33622
33625,33628
33629,33632
33635,33638
33641,33644
33647,33650
33658,33661
33667,33670
33676,33679
33680,33683
33687,33690
33694,33697
33699,33702
33709,33712
33718,33721
33736,33739
33741,33744
33747,33750
33752,33755
33758,33761
33762,33765
33767,33770
33772,33775
33782,33785
33793,33796
33797,33800
33801,33804
33807,33810
33812,33815
33820,33823
33830,33833
33837,33840
33845,33848
33855,33858
33865,33868
33869,33872
33873,33876
33877,33880
33888,33891
33896,33899
33902,33905
33913,33916
33921,33924
33931,33934
33937,33940
33944,33947
33953,33956
33962,33965
33971,33974
33979,33982
33985,33988
33996,33999
34002,34005
34008,34011
34015,34018
34021,34024
34025,34028
34030,34033
34036,34039
34045,34048
34057,34060
34061,34064
34085,34088
34091,34094
34097,34100
34102,34105
34107,34110
34113,34116
34123,34126
34129,34132
34138,34141
34146,34149
34157,34160
34162,34165
34171,34174
34179,34182
34185,34188
34191,34194
34203,34206
34213,34216
34219,34222
34235,34238
34242,34245
34248,34251
34257,34260
34262,34265
34269,34272
34277,34280
34287,34290
34298,34301
34303,34306
34307,34310
34312,34315
34318,34321
34325,34328
34336,34339
34344,34347
34353,34356
34359,34362
34366,34369
34375,34378
34383,34386
34391,34394
34399,34402
34408,34411
34413,34416
34418,34421
34426,34429
34437,34440
34446,34449
34453,34456
34457,34460
34467,34470
34472,34475
34485,34488
34494,34497
34508,34511
34513,34516
34532,34535
34537,34540
34544,34547
34550,34553
34557,34560
34564,34567
34571,34574
34589,34592
34607,34610
34613,34616
34621,34624
34642,34645
34649,34652
34658,34661
34663,34666
34667,34670
34672,34675
34685,34688
34695,34698
34703,34706
34708,34711
34719,34722
34724,34727
34729,34732
34733,34736
34737,34740
34743,34746
34750,34753
34757,34760
34764,34767
34770,34773
34777,34780
34793,34796
34799,34802
34807,34810
34814,34817
34823,34826
34832,34835
34842,34845
34850,34853
34856,34859
34864,34867
34870,34873
34875,34878
34880,34883
34888,34891
34896,34899
34903,34906
34908,34911
34913,34916
34920,34923
34926,34929
34931,34934
34935,34938
34943,34946
34950,34953
34956,34959
34966,34969
34971,34974
34977,34980
34982,34985
34995,34998
35000,35003
35004,35007
35011,35014
35021,35024
35031,35034
35041,35044
35049,35052
35066,35069
35071,35074
35075,35078
35085,35088
35098,35101
35104,35107
35123,35126
35130,35133
35143,35146
35148,35151
35154,35157
35162,35165
35169,35172
35179,35182
35188,35191
35196,35199
35204,35207
35211,35214
35217,35220
35223,35226
35230,35233
35239,35242
35248,35251
35261,35264
35270,35273
35276,35279
35280,35283
35287,35290
35294,35297
35304,35307
35313,35316
35323,35326
35340,35343
35350,35353
35360,35363
35365,35368
35370,35373
35375,35378
35380,35383
35385,35388
35394,35397
35399,35402
35405,35408
35413,35416
35417,35420
35422,35425
35431,35434
35442,35445
35449,35452
35459,35462
35465,35468
35472,35475
35479,35482
35486,35489
35498,35501
35504,35507
35510,35513
35518,35521
35526,35529
35532,35535
35538,35541
35542,35545
35553,35556
35562,35565
35570,35573
35577,35580
35584,35587
35588,35591
35594,35597
35600,35603
35605,35608
35610,35613
35614,35617
35620,35623
35626,35629
35631,35634
35637,35640
35646,35649
35654,35657
35661,35664
35667,35670
35671,35674
35675,35678
35687,35690
35692,35695
35698,35701
35702,35705
35708,35711
35713,35716
35724,35727
35732,35735
35740,35743
35757,35760
35768,35771
35777,35780
35789,35792
35795,35798
35806,35809
35814,35817
35820,35823
35828,35831
35837,35840
35850,35853
35859,35862
35867,35870
35872,35875
35878,35881
35885,35888
35892,35895
35898,35901
35902,35905
35908,35911
35918,35921
35923,35926
35931,35934
35937,35940
35945,35948
35952,35955
35959,35962
35968,35971
35976,35979
35989,35992
35994,35997
35999,36002
36005,36008
36018,36021
36025,36028
36032,36035
36049,36052
36057,36060
36065,36068
36070,36073
36077,36080
36084,36087
36097,36100
36108,36111
36116,36119
36124,36127
36130,36133
36139,36142
36152,36155
36158,36161
36162,36165
36171,36174
36178,36181
36195,36198
36202,36205
36210,36213
36218,36221
36225,36228
36233,36236
36238,36241
36246,36249
36256,36259
36262,36265
36269,36272
36274,36277
36282,36285
36289,36292
36293,36296
36300,36303
36306,36309
36316,36319
36327,36330
36334,36337
36347,36350
36355,36358
36361,36364
36368,36371
36386,36389
36393,36396
36400,36403
36421,36424
36429,36432
36433,36436
36438,36441
36444,36447
36452,36455
36459,36462
36473,36476
36485,36488
36492,36495
36499,36502
36506,36509
36519,36522
36525,36528
36530,36533
36538,36541
36543,36546
36567,36570
36572,36575
36578,36581
36584,36587
36591,36594
36599,36602
36606,36609
36612,36615
36618,36621
36625,36628
36630,36633
36640,36643
36667,36670
36680,36683
36692,36695
36696,36699
36701,36704
36707,36710
36711,36714
36720,36723
36729,36732
36735,36738
36741,36744
36748,36751
36755,36758
36764,36767
36771,36774
36778,36781
36784,36787
36789,36792
36795,36798
36802,36805
36810,36813
36819,36822
36826,36829
36833,36836
36841,36844
36858,36861
36865,36868
36872,36875
36883,36886
36890,36893
36899,36902
36903,36906
36912,36915
36919,36922
36926,36929
36934,36937
36943,36946
36953,36956
36960,36963
36965,36968
36971,36974
36988,36991
36994,36997
36999,37002
37009,37012
37017,37020
37025,37028
37033,37036
37041,37044
37050,37053
37057,37060
37072,37075
37078,37081
37083,37086
37092,37095
37100,37103
37107,37110
37112,37115
37119,37122
37131,37134
37138,37141
37146,37149
37150,37153
37155,37158
37159,37162
37165,37168
37173,37176
37177,37180
37188,37191
37196,37199
37202,37205
37207,37210
37217,37220
37226,37229
37235,37238
37242,37245
37248,37251
37257,37260
37276,37279
37281,37284
37286,37289
37290,37293
37294,37297
37306,37309
37314,37317
37319,37322
37325,37328
37330,37333
37336,37339
37345,37348
37352,37355
37366,37369
37371,37374
37380,37383
37388,37391
37395,37398
37401,37404
37408,37411
37418,37421
37441,37444
37450,37453
37454,37457
37458,37461
37466,37469
37473,37476
37482,37485
37490,37493
37497,37500
37506,37509
37512,37515
37517,37520
37525,37528
37530,37533
37535,37538
37543,37546
37550,37553
37556,37559
37563,37566
37569,37572
37575,37578
37582,37585
37588,37591
37597,37600
37603,37606
37609,37612
37614,37617
37620,37623
37624,37627
37629,37632
37638,37641
37644,37647
37657,37660
37663,37666
37671,37674
37681,37684
37690,37693
37697,37700
37707,37710
37716,37719
37724,37727
37730,37733
37741,37744
37746,37749
37755,37758
37774,37777
37786,37789
37796,37799
37801,37804
37809,37812
37815,37818
37822,37825
37828,37831
37840,37843
37853,37856
37859,37862
37868,37871
37873,37876
37879,37882
37887,37890
37892,37895
37896,37899
37904,37907
37911,37914
37917,37920
37924,37927
37931,37934
37947,37950
37955,37958
37972,37975
37978,37981
37982,37985
37986,37989
37991,37994
37999,38002
38003,38006
38009,38012
38019,38022
38028,38031
38036,38039
38043,38046
38054,38057
38067,38070
38077,38080
38083,38086
38089,38092
38106,38109
38114,38117
38123,38126
38131,38134
38147,38150
38153,38156
38160,38163
38169,38172
38186,38189
38193,38196
38202,38205
38208,38211
38212,38215
38216,38219
38220,38223
38224,38227
38230,38233
38236,38239
38243,38246
38255,38258
38262,38265
38269,38272
38285,38288
38290,38293
38296,38299
38302,38305
38308,38311
38314,38317
38337,38340
38343,38346
38351,38354
38355,38358
38361,38364
38385,38388
38390,38393
38400,38403
38410,38413
38414,38417
38418,38421
38426,38429
38433,38436
38440,38443
38449,38452
38456,38459
38465,38468
38471,38474
38478,38481
38482,38485
38486,38489
38492,38495
38498,38501
38509,38512
38523,38526
38528,38531
38536,38539
38543,38546
38550,38553
38556,38559
38572,38575
38577,38580
38595,38598
38604,38607
38611,38614
38617,38620
38628,38631
38637,38640
38647,38650
38655,38658
38664,38667
38671,38674
38678,38681
38684,38687
38689,38692
38698,38701
38707,38710
38715,38718
38721,38724
38728,38731
38736,38739
38745,38748
38779,38782
38784,38787
38789,38792
38794,38797
38799,38802
38803,38806
38807,38810
38813,38816
38823,38826
38828,38831
38834,38837
38841,38844
38855,38858
38863,38866
38874,38877
38878,38881
38885,38888
38909,38912
38914,38917
38919,38922
38923,38926
38927,38930
38932,38935
38937,38940
38958,38961
38962,38965
38973,38976
38984,38987
38992,38995
39008,39011
39016,39019
39022,39025
39029,39032
39035,39038
39042,39045
39048,39051
39056,39059
39074,39077
39087,39090
39093,39096
39100,39103
39105,39108
39114,39117
39121,39124
39128,39131
39136,39139
39148,39151
39161,39164
39171,39174
39181,39184
39186,39189
39190,39193
39197,39200
39203,39206
39210,39213
39215,39218
39221,39224
39229,39232
39237,39240
39245,39248
39254,39257
39261,39264
39267,39270
39275,39278
39283,39286
39293,39296
39302,39305
39309,39312
39323,39326
39330,39333
39337,39340
39344,39347
39352,39355
39360,39363
39371,39374
39379,39382
39386,39389
39393,39396
39409,39412
39418,39421
39427,39430
39432,39435
39437,39440
39447,39450
39460,39463
39478,39481
39487,39490
39491,39494
39495,39498
39502,39505
39510,39513
39526,39529
39532,39535
39559,39562
39565,39568
39570,39573
39576,39579
39586,39589
39596,39599
39603,39606
39609,39612
39616,39619
39622,39625
39628,39631
39634,39637
39663,39666
39674,39677
39682,39685
39688,39691
39695,39698
39703,39706
39713,39716
39723,39726
39729,39732
39736,39739
39743,39746
39748,39751
39755,39758
39761,39764
39768,39771
39782,39785
39799,39802
39805,39808
39811,39814
39821,39824
39837,39840
39844,39847
39854,39857
39860,39863
39866,39869
39882,39885
39888,39891
39899,39902
39903,39906
39909,39912
39915,39918
39921,39924
39928,39931
39935,39938
39942,39945
39947,39950
39953,39956
39959,39962
39967,39970
39975,39978
39982,39985
39993,39996
39999,40002
40003,40006
40007,40010
40018,40021
40030,40033
40038,40041
40045,40048
40054,40057
40062,40065
40076,40079
40081,40084
40087,40090
40095,40098
40100,40103
40111,40114
40116,40119
40122,40125
40128,40131
40138,40141
40144,40147
40149,40152
40156,40159
40163,40166
40168,40171
40174,40177
40181,40184
40189,40192
40196,40199
40203,40206
40210,40213
40216,40219
40223,40226
40240,40243
40246,40249
40252,40255
40259,40262
40267,40270
40276,40279
40284,40287
40292,40295
40298,40301
40303,40306
40307,40310
40311,40314
40317,40320
40330,40333
40338,40341
40344,40347
40350,40353
40360,40363
40372,40375
40383,40386
40397,40400
40405,40408
40414,40417
40422,40425
40430,40433
40439,40442
40447,40450
40456,40459
40466,40469
40473,40476
40484,40487
40489,40492
40497,40500
40503,40506
40510,40513
40517,40520
40525,40528
40534,40537
40539,40542
40544,40547
40552,40555
40562,40565
40580,40583
40587,40590
40597,40600
40601,40604
40606,40609
40612,40615
40620,40623
40626,40629
40636,40639
40643,40646
40656,40659
40667,40670
40696,40699
40703,40706
40711,40714
40718,40721
40724,40727
40731,40734
40735,40738
40739,40742
40748,40751
40754,40757
40760,40763
40765,40768
40770,40773
40776,40779
40781,40784
40790,40793
40797,40800
40811,40814
40817,40820
40821,40824
40827,40830
40836,40839
40844,40847
40854,40857
40870,40873
40889,40892
40894,40897
40903,40906
40910,40913
40916,40919
40923,40926
40931,40934
40941,40944
40946,40949
40959,40962
40965,40968
40983,40986
40989,40992
40994,40997
40999,41002
41004,41007
41013,41016
41019,41022
41024,41027
41032,41035
41038,41041
41046,41049
41059,41062
41068,41071
41080,41083
41087,41090
41103,41106
41108,41111
41113,41116
41120,41123
41129,41132
41138,41141
41144,41147
41150,41153
41155,41158
41162,41165
41169,41172
41179,41182
41185,41188
41192,41195
41199,41202
41207,41210
41217,41220
41225,41228
41232,41235
41240,41243
41249,41252
41258,41261
41265,41268
41273,41276
41282,41285
41287,41290
41292,41295
41301,41304
41307,41310
41313,41316
41327,41330
41334,41337
41339,41342
41346,41349
41354,41357
41360,41363
41367,41370
41377,41380
41389,41392
41396,41399
41404,41407
41412,41415
41419,41422
41425,41428
41429,41432
41435,41438
41458,41461
41466,41469
41474,41477
41481,41484
41486,41489
41502,41505
41514,41517
41528,41531
41533,41536
41540,41543
41550,41553
41561,41564
41571,41574
41583,41586
41590,41593
41595,41598
41601,41604
41607,41610
41612,41615
41620,41623
41645,41648
41654,41657
41667,41670
41678,41681
41684,41687
41690,41693
41697,41700
41702,41705
41706,41709
41710,41713
41718,41721
41724,41727
41732,41735
41741,41744
41746,41749
41751,41754
41755,41758
41759,41762
41767,41770
41775,41778
41780,41783
41785,41788
41801,41804
41806,41809
41813,41816
41818,41821
41823,41826
41830,41833
41838,41841
41843,41846
41849,41852
41854,41857
41859,41862
41866,41869
41873,41876
41877,41880
41887,41890
41899,41902
41906,41909
41912,41915
41916,41919
41922,41925
41930,41933
41939,41942
41947,41950
41953,41956
41966,41969
41972,41975
41979,41982
41986,41989
41994,41997
42002,42005
42008,42011
42021,42024
42029,42032
42037,42040
42051,42054
42062,42065
42076,42079
42082,42085
42093,42096
42101,42104
42105,42108
42112,42115
42116,42119
42122,42125
42127,42130
42132,42135
42137,42140
42145,42148
42152,42155
42180,42183
42189,42192
42194,42197
42199,42202
42204,42207
42209,42212
42215,42218
42222,42225
42231,42234
42239,42242
42247,42250
42252,42255
42264,42267
42274,42277
42279,42282
42283,42286
42289,42292
42296,42299
42301,42304
42306,42309
42312,42315
42317,42320
42323,42326
42330,42333
42336,42339
42341,42344
42351,42354
42360,42363
42368,42371
42376,42379
42384,42387
42392,42395
42403,42406
42407,42410
42418,42421
42429,42432
42439,42442
42448,42451
42460,42463
42473,42476
42479,42482
42488,42491
42493,42496
42498,42501
42502,42505
42509,42512
42519,42522
42528,42531
42550,42553
42557,42560
42563,42566
42571,42574
42585,42588
42589,42592
42595,42598
42603,42606
42611,42614
42619,42622
42630,42633
42636,42639
42644,42647
42651,42654
42659,42662
42668,42671
42672,42675
42676,42679
42682,42685
42690,42693
42695,42698
42701,42704
42709,42712
42717,42720
42726,42729
42736,42739
42742,42745
42748,42751
42756,42759
42762,42765
42774,42777
42791,42794
42796,42799
42802,42805
42807,42810
42811,42814
42821,42824
42828,42831
42840,42843
42850,42853
42859,42862
42872,42875
42878,42881
42883,42886
42897,42900
42905,42908
42913,42916
42919,42922
42941,42944
42945,42948
42957,42960
42962,42965
42967,42970
42978,42981
42998,43001
43007,43010
43015,43018
43024,43027
43029,43032
43041,43044
43046,43049
43051,43054
43059,43062
43070,43073
43084,43087
43089,43092
43096,43099
43106,43109
43115,43118
43122,43125
43130,43133
43135,43138
43148,43151
43157,43160
43166,43169
43172,43175
43179,43182
43189,43192
43194,43197
43199,43202
43210,43213
43220,43223
43229,43232
43238,43241
43246,43249
43253,43256
43260,43263
43264,43267
43271,43274
43276,43279
43283,43286
43287,43290
43293,43296
43299,43302
43309,43312
43332,43335
43336,43339
43348,43351
43354,43357
43361,43364
43367,43370
43374,43377
43381,43384
43388,43391
43393,43396
43399,43402
43408,43411
43414,43417
43422,43425
43429,43432
43437,43440
43445,43448
43462,43465
43468,43471
43475,43478
43480,43483
43486,43489
43492,43495
43497,43500
43504,43507
43513,43516
43520,43523
43525,43528
43533,43536
43540,43543
43546,43549
43560,43563
43564,43567
43568,43571
43574,43577
43580,43583
43587,43590
43593,43596
43600,43603
43606,43609
43610,43613
43614,43617
43620,43623
43626,43629
43635,43638
43645,43648
43656,43659
43673,43676
43680,43683
43685,43688
43691,43694
43698,43701
43704,43707
43709,43712
43713,43716
43729,43732
43735,43738
43742,43745
43749,43752
43756,43759
43764,43767
43777,43780
43784,43787
43794,43797
43808,43811
43812,43815
43822,43825
43830,43833
43837,43840
43844,43847
43849,43852
43854,43857
43863,43866
43868,43871
43874,43877
43879,43882
43890,43893
43900,43903
43910,43913
43916,43919
43937,43940
43943,43946
43948,43951
43954,43957
43961,43964
43966,43969
43977,43980
43984,43987
43992,43995
43999,44002
44020,44023
44027,44030
44034,44037
44044,44047
44055,44058
44060,44063
44065,44068
44070,44073
44085,44088
44091,44094
44100,44103
44112,44115
44116,44119
44120,44123
44125,44128
44131,44134
44138,44141
44146,44149
44153,44156
44166,44169
44179,44182
44189,44192
44198,44201
44207,44210
44214,44217
44219,44222
44227,44230
44235,44238
44241,44244
44248,44251
44252,44255
44260,44263
44266,44269
44274,44277
44284,44287
44291,44294
44296,44299
44303,44306
44309,44312
44314,44317
44322,44325
44327,44330
44332,44335
44338,44341
44348,44351
44355,44358
44363,44366
44370,44373
44377,44380
44383,44386
44388,44391
44393,44396
44401,44404
44413,44416
44424,44427
44441,44444
44445,44448
44449,44452
44455,44458
44465,44468
44472,44475
44480,44483
44485,44488
44491,44494
44496,44499
44502,44505
44507,44510
44516,44519
44529,44532
44533,44536
44543,44546
44552,44555
44556,44559
44562,44565
44569,44572
44577,44580
44584,44587
44591,44594
44605,44608
44618,44621
44624,44627
44630,44633
44639,44642
44653,44656
44661,44664
44670,44673
44677,44680
44682,44685
44686,44689
44691,44694
44702,44705
44714,44717
44720,44723
44731,44734
44739,44742
44747,44750
44756,44759
44767,44770
44771,44774
44777,44780
44785,44788
44817,44820
44830,44833
44837,44840
44844,44847
44850,44853
44858,44861
44865,44868
44874,44877
44883,44886
44890,44893
44896,44899
44906,44909
