uncorrupt_phrase_line_num,corrupt_phrase_line_num
1,5
8,12
18,22
26,30
35,39
42,46
49,53
55,59
62,66
71,75
79,83
87,91
93,97
101,105
108,112
115,119
122,126
135,139
141,145
147,151
172,176
191,195
197,201
202,206
209,213
233,237
238,242
246,250
256,260
262,266
284,288
289,293
298,302
305,309
324,328
339,343
346,350
353,357
361,365
381,385
426,430
431,435
437,441
448,452
465,469
488,492
498,502
513,517
522,526
532,536
540,544
546,550
552,556
573,577
606,610
617,621
645,649
653,657
665,669
672,676
704,708
710,714
722,726
732,736
739,743
748,752
754,758
762,766
799,803
814,818
833,837
839,843
846,850
851,855
857,861
864,868
874,878
884,888
891,895
897,901
904,908
912,916
920,924
926,930
937,941
948,952
959,963
967,971
976,980
983,987
1019,1023
1031,1035
1043,1047
1050,1054
1057,1061
1078,1082
1091,1095
1103,1107
1111,1115
1121,1125
1129,1133
1138,1142
1146,1150
1159,1163
1170,1174
1184,1188
1191,1195
1203,1207
1221,1225
1237,1241
1256,1260
1264,1268
1270,1274
1277,1281
1285,1289
1292,1296
1309,1313
1314,1318
1323,1327
1330,1334
1340,1344
1369,1373
1387,1391
1394,1398
1404,1408
1411,1415
1422,1426
1429,1433
1437,1441
1444,1448
1452,1456
1459,1463
1464,1468
1470,1474
1480,1484
1489,1493
1494,1498
1500,1504
1510,1514
1519,1523
1525,1529
1540,1544
1548,1552
1562,1566
1569,1573
1593,1597
1598,1602
1637,1641
1644,1648
1652,1656
1660,1664
1674,1678
1686,1690
1714,1718
1746,1750
1751,1755
1770,1774
1775,1779
1781,1785
1791,1795
1809,1813
1817,1821
1824,1828
1834,1838
1843,1847
1850,1854
1863,1867
1870,1874
1876,1880
1889,1893
1896,1900
1903,1907
1908,1912
1913,1917
1921,1925
1936,1940
1957,1961
1981,1985
2009,2013
2018,2022
2028,2032
2035,2039
2051,2055
2059,2063
2082,2086
2091,2095
2100,2104
2131,2135
2139,2143
2176,2180
2186,2190
2206,2210
2228,2232
2236,2240
2249,2253
2258,2262
2267,2271
2276,2280
2295,2299
2308,2312
2315,2319
2328,2332
2335,2339
2355,2359
2362,2366
2391,2395
2398,2402
2405,2409
2414,2418
2423,2427
2429,2433
2457,2461
2462,2466
2476,2480
2482,2486
2494,2498
2503,2507
2516,2520
2541,2545
2553,2557
2561,2565
2568,2572
2575,2579
2583,2587
2590,2594
2604,2608
2620,2624
2644,2648
2651,2655
2656,2660
2665,2669
2677,2681
2688,2692
2695,2699
2711,2715
2720,2724
2727,2731
2754,2758
2760,2764
2774,2778
2785,2789
2795,2799
2804,2808
2811,2815
2848,2852
2859,2863
2867,2871
2873,2877
2892,2896
2897,2901
2904,2908
2912,2916
2918,2922
2924,2928
2931,2935
2936,2940
2949,2953
2954,2958
2961,2965
2966,2970
2979,2983
2986,2990
3007,3011
3017,3021
3039,3043
3056,3060
3061,3065
3073,3077
3078,3082
3106,3110
3115,3119
3161,3165
3167,3171
3174,3178
3183,3187
3191,3195
3200,3204
3210,3214
3218,3222
3226,3230
3231,3235
3248,3252
3253,3257
3263,3267
3273,3277
3308,3312
3322,3326
3328,3332
3345,3349
3353,3357
3375,3379
3380,3384
3385,3389
3390,3394
3398,3402
3418,3422
3427,3431
3459,3463
3464,3468
3484,3488
3493,3497
3520,3524
3527,3531
3535,3539
3541,3545
3575,3579
3582,3586
3588,3592
3596,3600
3646,3650
3652,3656
3660,3664
3669,3673
3683,3687
3689,3693
3696,3700
3723,3727
3771,3775
3779,3783
3788,3792
3795,3799
3801,3805
3809,3813
3817,3821
3825,3829
3834,3838
3842,3846
3850,3854
3863,3867
3871,3875
3879,3883
3886,3890
3900,3904
3907,3911
3918,3922
3924,3928
3930,3934
3936,3940
3946,3950
3955,3959
3963,3967
3972,3976
3982,3986
3987,3991
4002,4006
4009,4013
4014,4018
4024,4028
4031,4035
4036,4040
4044,4048
4055,4059
4067,4071
4079,4083
4085,4089
4096,4100
4103,4107
4111,4115
4119,4123
4125,4129
4161,4165
4192,4196
4207,4211
4227,4231
4232,4236
4238,4242
4248,4252
4257,4261
4273,4277
4283,4287
4291,4295
4298,4302
4306,4310
4314,4318
4346,4350
4356,4360
4372,4376
4379,4383
4387,4391
4406,4410
4414,4418
4423,4427
4437,4441
4447,4451
4456,4460
4465,4469
4480,4484
4487,4491
4510,4514
4516,4520
4524,4528
4532,4536
4545,4549
4575,4579
4584,4588
4592,4596
4600,4604
4609,4613
4626,4630
4632,4636
4650,4654
4656,4660
4668,4672
4675,4679
4681,4685
4688,4692
4694,4698
4724,4728
4733,4737
4777,4781
4783,4787
4788,4792
4795,4799
4804,4808
4812,4816
4820,4824
4828,4832
4836,4840
4847,4851
4857,4861
4866,4870
4875,4879
4903,4907
4909,4913
4915,4919
4923,4927
4938,4942
4948,4952
4957,4961
4967,4971
4974,4978
4984,4988
4991,4995
4998,5002
5009,5013
5030,5034
5037,5041
5043,5047
5050,5054
5061,5065
5066,5070
5072,5076
5078,5082
5083,5087
5096,5100
5124,5128
5129,5133
5144,5148
5153,5157
5161,5165
5172,5176
5180,5184
5188,5192
5200,5204
5205,5209
5212,5216
5239,5243
5253,5257
5269,5273
5278,5282
5287,5291
5298,5302
5309,5313
5315,5319
5321,5325
5330,5334
5342,5346
5357,5361
5362,5366
5369,5373
5384,5388
5390,5394
5398,5402
5404,5408
5415,5419
5423,5427
5435,5439
5456,5460
5465,5469
5489,5493
5500,5504
5522,5526
5528,5532
5536,5540
5543,5547
5566,5570
5573,5577
5578,5582
5587,5591
5597,5601
5605,5609
5620,5624
5630,5634
5638,5642
5645,5649
5657,5661
5663,5667
5669,5673
5676,5680
5681,5685
5690,5694
5726,5730
5736,5740
5751,5755
5772,5776
5779,5783
5787,5791
5794,5798
5810,5814
5859,5863
5865,5869
5940,5944
5946,5950
5953,5957
5960,5964
5967,5971
5974,5978
5985,5989
5997,6001
6005,6009
6022,6026
6030,6034
6044,6048
6059,6063
6065,6069
6093,6097
6101,6105
6113,6117
6118,6122
6133,6137
6166,6170
6175,6179
6181,6185
6188,6192
6199,6203
6206,6210
6213,6217
6220,6224
6230,6234
6241,6245
6249,6253
6261,6265
6273,6277
6278,6282
6285,6289
6296,6300
6307,6311
6316,6320
6327,6331
6338,6342
6343,6347
6348,6352
6369,6373
6377,6381
6385,6389
6394,6398
6409,6413
6416,6420
6432,6436
6438,6442
6443,6447
6453,6457
6467,6471
6475,6479
6501,6505
6511,6515
6520,6524
6527,6531
6536,6540
6558,6562
6568,6572
6587,6591
6604,6608
6618,6622
6636,6640
6641,6645
6664,6668
6674,6678
6691,6695
6716,6720
6722,6726
6730,6734
6742,6746
6750,6754
6767,6771
6773,6777
6785,6789
6798,6802
6803,6807
6809,6813
6814,6818
6826,6830
6834,6838
6841,6845
6848,6852
6859,6863
6866,6870
6880,6884
6892,6896
6898,6902
6911,6915
6918,6922
6925,6929
6933,6937
6948,6952
6974,6978
6979,6983
6986,6990
7004,7008
7009,7013
7019,7023
7045,7049
7061,7065
7068,7072
7074,7078
7081,7085
7094,7098
7100,7104
7127,7131
7135,7139
7146,7150
7153,7157
7164,7168
7169,7173
7176,7180
7188,7192
7193,7197
7200,7204
7210,7214
7217,7221
7222,7226
7227,7231
7244,7248
7250,7254
7264,7268
7281,7285
7287,7291
7295,7299
7318,7322
7323,7327
7329,7333
7336,7340
7345,7349
7351,7355
7374,7378
7384,7388
7394,7398
7401,7405
7407,7411
7415,7419
7422,7426
7429,7433
7457,7461
7463,7467
7469,7473
7474,7478
7488,7492
7503,7507
7510,7514
7518,7522
7524,7528
7546,7550
7554,7558
7569,7573
7590,7594
7596,7600
7601,7605
7609,7613
7618,7622
7625,7629
7644,7648
7656,7660
7663,7667
7669,7673
7676,7680
7691,7695
7698,7702
7716,7720
7723,7727
7741,7745
7754,7758
7759,7763
7770,7774
7793,7797
7799,7803
7815,7819
7821,7825
7827,7831
7835,7839
7843,7847
7853,7857
7870,7874
7875,7879
7883,7887
7899,7903
7907,7911
7927,7931
7932,7936
7950,7954
7955,7959
7971,7975
7977,7981
7983,7987
7994,7998
8004,8008
8013,8017
8023,8027
8030,8034
8041,8045
8053,8057
8058,8062
8077,8081
8083,8087
8089,8093
8097,8101
8116,8120
8123,8127
8130,8134
8138,8142
8155,8159
8166,8170
8194,8198
8221,8225
8227,8231
8233,8237
8239,8243
8254,8258
8260,8264
8266,8270
8277,8281
8287,8291
8297,8301
8320,8324
8325,8329
8342,8346
8349,8353
8359,8363
8369,8373
8388,8392
8395,8399
8402,8406
8412,8416
8421,8425
8428,8432
8450,8454
8464,8468
8489,8493
8498,8502
8503,8507
8509,8513
8514,8518
8520,8524
8525,8529
8531,8535
8540,8544
8554,8558
8561,8565
8567,8571
8584,8588
8594,8598
8604,8608
8610,8614
8626,8630
8634,8638
8641,8645
8653,8657
8666,8670
8674,8678
8680,8684
8686,8690
8694,8698
8726,8730
8739,8743
8744,8748
8754,8758
8767,8771
8775,8779
8796,8800
8803,8807
8813,8817
8825,8829
8868,8872
8876,8880
8885,8889
8890,8894
8895,8899
8902,8906
8916,8920
8922,8926
8933,8937
8941,8945
8953,8957
8961,8965
8969,8973
8979,8983
8987,8991
9024,9028
9031,9035
9037,9041
9044,9048
9076,9080
9084,9088
9113,9117
9122,9126
9134,9138
9141,9145
9150,9154
9164,9168
9176,9180
9210,9214
9216,9220
9223,9227
9230,9234
9238,9242
9244,9248
9256,9260
9262,9266
9271,9275
9280,9284
9286,9290
9298,9302
9304,9308
9316,9320
9322,9326
9336,9340
9345,9349
9389,9393
9395,9399
9401,9405
9407,9411
9413,9417
9421,9425
9431,9435
9437,9441
9445,9449
9455,9459
9462,9466
9468,9472
9476,9480
9485,9489
9491,9495
9497,9501
9504,9508
9512,9516
9517,9521
9531,9535
9540,9544
9548,9552
9554,9558
9582,9586
9589,9593
9597,9601
9604,9608
9611,9615
9619,9623
9627,9631
9634,9638
9642,9646
9647,9651
9661,9665
9667,9671
9674,9678
9691,9695
9698,9702
9703,9707
9710,9714
9716,9720
9724,9728
9746,9750
9754,9758
9779,9783
9785,9789
9792,9796
9799,9803
9806,9810
9818,9822
9824,9828
9839,9843
9845,9849
9859,9863
9876,9880
9886,9890
9909,9913
9915,9919
9921,9925
9927,9931
9934,9938
9944,9948
9971,9975
9977,9981
9986,9990
9992,9996
9998,10002
10008,10012
10025,10029
10031,10035
10050,10054
10058,10062
10068,10072
10083,10087
10092,10096
10100,10104
10108,10112
10114,10118
10169,10173
10179,10183
10199,10203
10211,10215
10219,10223
10226,10230
10233,10237
10239,10243
10245,10249
10255,10259
10277,10281
10283,10287
10288,10292
10294,10298
10321,10325
10328,10332
10336,10340
10342,10346
10359,10363
10364,10368
10399,10403
10407,10411
10416,10420
10427,10431
10434,10438
10445,10449
10454,10458
10464,10468
10485,10489
10492,10496
10504,10508
10517,10521
10528,10532
10537,10541
10553,10557
10560,10564
10569,10573
10584,10588
10604,10608
10611,10615
10618,10622
10626,10630
10631,10635
10637,10641
10643,10647
10648,10652
10658,10662
10671,10675
10678,10682
10685,10689
10696,10700
10707,10711
10714,10718
10727,10731
10773,10777
10778,10782
10787,10791
10801,10805
10811,10815
10821,10825
10828,10832
10835,10839
10842,10846
10859,10863
10872,10876
10880,10884
10888,10892
10901,10905
10927,10931
10938,10942
10946,10950
10952,10956
10958,10962
10976,10980
10985,10989
11000,11004
11008,11012
11015,11019
11023,11027
11029,11033
11036,11040
11072,11076
11078,11082
11088,11092
11100,11104
11108,11112
11129,11133
11135,11139
11165,11169
11172,11176
11186,11190
11193,11197
11201,11205
11208,11212
11215,11219
11242,11246
11248,11252
11260,11264
11272,11276
11279,11283
11288,11292
11295,11299
11305,11309
11335,11339
11342,11346
11383,11387
11389,11393
11403,11407
11413,11417
11423,11427
11432,11436
11459,11463
11466,11470
11474,11478
11483,11487
11489,11493
11494,11498
11499,11503
11506,11510
11535,11539
11547,11551
11556,11560
11564,11568
11572,11576
11585,11589
11605,11609
11615,11619
11623,11627
11633,11637
11639,11643
11666,11670
11674,11678
11684,11688
11692,11696
11706,11710
11715,11719
11725,11729
11732,11736
11739,11743
11745,11749
11751,11755
11759,11763
11765,11769
11770,11774
11788,11792
11849,11853
11856,11860
11862,11866
11872,11876
11889,11893
11895,11899
11903,11907
11911,11915
11925,11929
11964,11968
11970,11974
11977,11981
11984,11988
11999,12003
12008,12012
12013,12017
12019,12023
12025,12029
12030,12034
12035,12039
12046,12050
12052,12056
12070,12074
12078,12082
12086,12090
12093,12097
12101,12105
12107,12111
12112,12116
12120,12124
12159,12163
12172,12176
12186,12190
12225,12229
12233,12237
12248,12252
12255,12259
12265,12269
12277,12281
12286,12290
12294,12298
12315,12319
12323,12327
12328,12332
12334,12338
12339,12343
12349,12353
12355,12359
12361,12365
12371,12375
12378,12382
12384,12388
12390,12394
12397,12401
12404,12408
12411,12415
12417,12421
12430,12434
12437,12441
12443,12447
12452,12456
12477,12481
12483,12487
12491,12495
12507,12511
12513,12517
12521,12525
12527,12531
12536,12540
12544,12548
12550,12554
12555,12559
12560,12564
12566,12570
12580,12584
12588,12592
12596,12600
12605,12609
12612,12616
12617,12621
12627,12631
12640,12644
12650,12654
12679,12683
12685,12689
12692,12696
12702,12706
12719,12723
12725,12729
12734,12738
12739,12743
12749,12753
12783,12787
12813,12817
12823,12827
12829,12833
12835,12839
12843,12847
12859,12863
12865,12869
12874,12878
12880,12884
12886,12890
12894,12898
12900,12904
12912,12916
12918,12922
12928,12932
12935,12939
12941,12945
12946,12950
12977,12981
12990,12994
13005,13009
13011,13015
13016,13020
13022,13026
13029,13033
13039,13043
13053,13057
13077,13081
13083,13087
13091,13095
13101,13105
13111,13115
13121,13125
13129,13133
13160,13164
13168,13172
13186,13190
13193,13197
13199,13203
13206,13210
13214,13218
13222,13226
13230,13234
13240,13244
13249,13253
13258,13262
13269,13273
13274,13278
13296,13300
13315,13319
13324,13328
13330,13334
13354,13358
13363,13367
13373,13377
13382,13386
13396,13400
13421,13425
13426,13430
13435,13439
13440,13444
13459,13463
13467,13471
13491,13495
13498,13502
13507,13511
13527,13531
13534,13538
13542,13546
13549,13553
13561,13565
13569,13573
13582,13586
13588,13592
13595,13599
13602,13606
13624,13628
13630,13634
13652,13656
13660,13664
13668,13672
13675,13679
13686,13690
13698,13702
13707,13711
13715,13719
13721,13725
13727,13731
13732,13736
13737,13741
13745,13749
13751,13755
13760,13764
13768,13772
13786,13790
13794,13798
13809,13813
13819,13823
13842,13846
13852,13856
13881,13885
13907,13911
13912,13916
13917,13921
13927,13931
13935,13939
13941,13945
13957,13961
13967,13971
13976,13980
13992,13996
13999,14003
14009,14013
14018,14022
14025,14029
14050,14054
14058,14062
14063,14067
14073,14077
14093,14097
14102,14106
14122,14126
14128,14132
14145,14149
14152,14156
14176,14180
14187,14191
14193,14197
14224,14228
14230,14234
14261,14265
14266,14270
14275,14279
14292,14296
14300,14304
14329,14333
14346,14350
14352,14356
14374,14378
14379,14383
14385,14389
14395,14399
14402,14406
14418,14422
14424,14428
14431,14435
14440,14444
14451,14455
14457,14461
14464,14468
14472,14476
14480,14484
14486,14490
14503,14507
14511,14515
14527,14531
14536,14540
14551,14555
14562,14566
14568,14572
14579,14583
14603,14607
14610,14614
14617,14621
14625,14629
14632,14636
14651,14655
14661,14665
14698,14702
14705,14709
14727,14731
14733,14737
14742,14746
14756,14760
14762,14766
14768,14772
14775,14779
14781,14785
14802,14806
14810,14814
14819,14823
14832,14836
14838,14842
14844,14848
14852,14856
14859,14863
14869,14873
14877,14881
14885,14889
14910,14914
14921,14925
14930,14934
14944,14948
14974,14978
14980,14984
14988,14992
14996,15000
15019,15023
15029,15033
15037,15041
15043,15047
15058,15062
15085,15089
15095,15099
15105,15109
15113,15117
15122,15126
15136,15140
15143,15147
15153,15157
15161,15165
15181,15185
15207,15211
15215,15219
15222,15226
15235,15239
15243,15247
15261,15265
15283,15287
15294,15298
15305,15309
15315,15319
15321,15325
15332,15336
15367,15371
15387,15391
15397,15401
15405,15409
15415,15419
15431,15435
15441,15445
15463,15467
15471,15475
15479,15483
15487,15491
15495,15499
15503,15507
15521,15525
15533,15537
15538,15542
15544,15548
15555,15559
15575,15579
15581,15585
15605,15609
15612,15616
15619,15623
15637,15641
15646,15650
15655,15659
15664,15668
15680,15684
15689,15693
15707,15711
15716,15720
15723,15727
15728,15732
15739,15743
15757,15761
15765,15769
15772,15776
15779,15783
15845,15849
15853,15857
15861,15865
15867,15871
15881,15885
15888,15892
15898,15902
15904,15908
15920,15924
15926,15930
15940,15944
15952,15956
15960,15964
15974,15978
15979,15983
15987,15991
15995,15999
16002,16006
16009,16013
16023,16027
16034,16038
16048,16052
16057,16061
16066,16070
16075,16079
16081,16085
16091,16095
16096,16100
16101,16105
16108,16112
16115,16119
16126,16130
16137,16141
16147,16151
16156,16160
16166,16170
16176,16180
16185,16189
16194,16198
16205,16209
16215,16219
16225,16229
16242,16246
16254,16258
16295,16299
16307,16311
16314,16318
16320,16324
16326,16330
16342,16346
16347,16351
16373,16377
16379,16383
16418,16422
16425,16429
16431,16435
16443,16447
16467,16471
16489,16493
16496,16500
16513,16517
16536,16540
16544,16548
16554,16558
16560,16564
16566,16570
16572,16576
16597,16601
16603,16607
16624,16628
16637,16641
16654,16658
16662,16666
16688,16692
16695,16699
16702,16706
16712,16716
16734,16738
16742,16746
16749,16753
16756,16760
16763,16767
16772,16776
16791,16795
16798,16802
16804,16808
16814,16818
16820,16824
16826,16830
16832,16836
16839,16843
16845,16849
16862,16866
16869,16873
16893,16897
16899,16903
16921,16925
16928,16932
16939,16943
16945,16949
16952,16956
16964,16968
16969,16973
16977,16981
16985,16989
16997,17001
17004,17008
17011,17015
17016,17020
17023,17027
17028,17032
17048,17052
17058,17062
17066,17070
17071,17075
17076,17080
17082,17086
17092,17096
17098,17102
17108,17112
17116,17120
17127,17131
17135,17139
17149,17153
17155,17159
17172,17176
17180,17184
17186,17190
17200,17204
17206,17210
17211,17215
17217,17221
17235,17239
17249,17253
17257,17261
17265,17269
17278,17282
17289,17293
17326,17330
17331,17335
17341,17345
17350,17354
17358,17362
17369,17373
17380,17384
17388,17392
17397,17401
17408,17412
17416,17420
17434,17438
17444,17448
17449,17453
17461,17465
17469,17473
17476,17480
17482,17486
17493,17497
17503,17507
17509,17513
17516,17520
17529,17533
17534,17538
17542,17546
17548,17552
17555,17559
17570,17574
17580,17584
17630,17634
17637,17641
17652,17656
17658,17662
17683,17687
17691,17695
17704,17708
17711,17715
17733,17737
17751,17755
17756,17760
17764,17768
17775,17779
17781,17785
17788,17792
17800,17804
17808,17812
17817,17821
17824,17828
17836,17840
17844,17848
17853,17857
17865,17869
17871,17875
17877,17881
17884,17888
17897,17901
17903,17907
17921,17925
17927,17931
17933,17937
17950,17954
17960,17964
17972,17976
17979,17983
17985,17989
18000,18004
18009,18013
18017,18021
18039,18043
18047,18051
18053,18057
18069,18073
18074,18078
18080,18084
18087,18091
18113,18117
18120,18124
18126,18130
18134,18138
18154,18158
18165,18169
18175,18179
18188,18192
18195,18199
18202,18206
18212,18216
18228,18232
18243,18247
18253,18257
18266,18270
18273,18277
18288,18292
18319,18323
18346,18350
18354,18358
18361,18365
18367,18371
18374,18378
18383,18387
18393,18397
18403,18407
18426,18430
18437,18441
18443,18447
18451,18455
18464,18468
18472,18476
18479,18483
18484,18488
18489,18493
18496,18500
18501,18505
18508,18512
18520,18524
18535,18539
18542,18546
18583,18587
18589,18593
18595,18599
18605,18609
18617,18621
18625,18629
18631,18635
18638,18642
18645,18649
18651,18655
18662,18666
18676,18680
18681,18685
18695,18699
18703,18707
18721,18725
18727,18731
18733,18737
18739,18743
18747,18751
18761,18765
18797,18801
18804,18808
18811,18815
18817,18821
18827,18831
18833,18837
18867,18871
18878,18882
18887,18891
18894,18898
18902,18906
18928,18932
18934,18938
18945,18949
18951,18955
18959,18963
18984,18988
18992,18996
19001,19005
19008,19012
19024,19028
19032,19036
19050,19054
19057,19061
19071,19075
19081,19085
19087,19091
19095,19099
19104,19108
19111,19115
19119,19123
19131,19135
19136,19140
19142,19146
19155,19159
19162,19166
19170,19174
19179,19183
19189,19193
19195,19199
19201,19205
19212,19216
19222,19226
19239,19243
19249,19253
19254,19258
19270,19274
19279,19283
19288,19292
19294,19298
19327,19331
19336,19340
19345,19349
19396,19400
19406,19410
19414,19418
19423,19427
19434,19438
19440,19444
19447,19451
19454,19458
19460,19464
19466,19470
19475,19479
19482,19486
19488,19492
19514,19518
19520,19524
19530,19534
19541,19545
19548,19552
19553,19557
19560,19564
19567,19571
19574,19578
19584,19588
19596,19600
19606,19610
19620,19624
19628,19632
19661,19665
19671,19675
19678,19682
19692,19696
19698,19702
19705,19709
19710,19714
19715,19719
19725,19729
19748,19752
19755,19759
19764,19768
19769,19773
19774,19778
19781,19785
19787,19791
19794,19798
19817,19821
19824,19828
19841,19845
19848,19852
19855,19859
19861,19865
19867,19871
19872,19876
19889,19893
19897,19901
19903,19907
19910,19914
19921,19925
19931,19935
19945,19949
19951,19955
19959,19963
19983,19987
19993,19997
20038,20042
20051,20055
20063,20067
20071,20075
20081,20085
20087,20091
20095,20099
20103,20107
20110,20114
20119,20123
20126,20130
20140,20144
20159,20163
20167,20171
20181,20185
20195,20199
20203,20207
20218,20222
20223,20227
20231,20235
20237,20241
20265,20269
20291,20295
20298,20302
20304,20308
20311,20315
20327,20331
20335,20339
20343,20347
20350,20354
20357,20361
20364,20368
20379,20383
20395,20399
20403,20407
20441,20445
20447,20451
20464,20468
20474,20478
20493,20497
20500,20504
20512,20516
20520,20524
20534,20538
20542,20546
20548,20552
20556,20560
20563,20567
20591,20595
20606,20610
20626,20630
20632,20636
20637,20641
20650,20654
20671,20675
20683,20687
20694,20698
20702,20706
20711,20715
20719,20723
20727,20731
20734,20738
20739,20743
20749,20753
20758,20762
20766,20770
20775,20779
20783,20787
20790,20794
20797,20801
20805,20809
20820,20824
20826,20830
20832,20836
20838,20842
20845,20849
20851,20855
20858,20862
20866,20870
20878,20882
20890,20894
20910,20914
20916,20920
20961,20965
20969,20973
20975,20979
20983,20987
20991,20995
20999,21003
21007,21011
21014,21018
21025,21029
21032,21036
21039,21043
21050,21054
21058,21062
21071,21075
21132,21136
21138,21142
21145,21149
21154,21158
21166,21170
21172,21176
21180,21184
21187,21191
21199,21203
21205,21209
21211,21215
21228,21232
21237,21241
21242,21246
21254,21258
21260,21264
21267,21271
21272,21276
21278,21282
21293,21297
21300,21304
21307,21311
21336,21340
21352,21356
21360,21364
21397,21401
21427,21431
21433,21437
21439,21443
21446,21450
21453,21457
21460,21464
21470,21474
21478,21482
21508,21512
21515,21519
21526,21530
21535,21539
21545,21549
21557,21561
21563,21567
21568,21572
21576,21580
21582,21586
21588,21592
21595,21599
21602,21606
21612,21616
21621,21625
21660,21664
21666,21670
21676,21680
21699,21703
21706,21710
21714,21718
21720,21724
21726,21730
21733,21737
21772,21776
21787,21791
21802,21806
21809,21813
21816,21820
21826,21830
21845,21849
21850,21854
21873,21877
21880,21884
21920,21924
21926,21930
21931,21935
21960,21964
21969,21973
21997,22001
22004,22008
22010,22014
22018,22022
22030,22034
22035,22039
22046,22050
22053,22057
22062,22066
22074,22078
22086,22090
22095,22099
22141,22145
22151,22155
22164,22168
22169,22173
22174,22178
22180,22184
22195,22199
22203,22207
22222,22226
22257,22261
22263,22267
22269,22273
22276,22280
22284,22288
22291,22295
22301,22305
22315,22319
22326,22330
22342,22346
22348,22352
22354,22358
22362,22366
22384,22388
22390,22394
22397,22401
22408,22412
22428,22432
22436,22440
22450,22454
22456,22460
22462,22466
22470,22474
22475,22479
22556,22560
22566,22570
22575,22579
22585,22589
22594,22598
22607,22611
22615,22619
22629,22633
22637,22641
22650,22654
22660,22664
22669,22673
22679,22683
22685,22689
22704,22708
22713,22717
22735,22739
22746,22750
22753,22757
22783,22787
22794,22798
22803,22807
22811,22815
22819,22823
22829,22833
22854,22858
22861,22865
22870,22874
22879,22883
22888,22892
22895,22899
22903,22907
22909,22913
22942,22946
22949,22953
22959,22963
22969,22973
22974,22978
22979,22983
22987,22991
23004,23008
23010,23014
23018,23022
23024,23028
23036,23040
23049,23053
23054,23058
23059,23063
23065,23069
23084,23088
23107,23111
23118,23122
23128,23132
23135,23139
23154,23158
23159,23163
23168,23172
23184,23188
23192,23196
23202,23206
23227,23231
23233,23237
23246,23250
23255,23259
23265,23269
23270,23274
23282,23286
23291,23295
23312,23316
23334,23338
23341,23345
23366,23370
23373,23377
23385,23389
23391,23395
23401,23405
23428,23432
23436,23440
23444,23448
23455,23459
23466,23470
23474,23478
23486,23490
23496,23500
23506,23510
23516,23520
23526,23530
23541,23545
23565,23569
23572,23576
23577,23581
23584,23588
23594,23598
23601,23605
23616,23620
23634,23638
23670,23674
23678,23682
23693,23697
23702,23706
23716,23720
23735,23739
23744,23748
23756,23760
23764,23768
23770,23774
23775,23779
23781,23785
23789,23793
23798,23802
23809,23813
23825,23829
23831,23835
23839,23843
23864,23868
23872,23876
23878,23882
23885,23889
23905,23909
23924,23928
23934,23938
23942,23946
23948,23952
23964,23968
23970,23974
23993,23997
24000,24004
24005,24009
24012,24016
24021,24025
24030,24034
24040,24044
24051,24055
24062,24066
24067,24071
24075,24079
24085,24089
24114,24118
24122,24126
24153,24157
24159,24163
24171,24175
24180,24184
24195,24199
24208,24212
24214,24218
24222,24226
24237,24241
24245,24249
24258,24262
24266,24270
24274,24278
24281,24285
24286,24290
24305,24309
24315,24319
24324,24328
24341,24345
24350,24354
24365,24369
24386,24390
24394,24398
24402,24406
24411,24415
24420,24424
24429,24433
24437,24441
24445,24449
24452,24456
24465,24469
24471,24475
24477,24481
24483,24487
24509,24513
24514,24518
24521,24525
24538,24542
24546,24550
24557,24561
24562,24566
24567,24571
24576,24580
24584,24588
24593,24597
24618,24622
24631,24635
24647,24651
24655,24659
24671,24675
24683,24687
24713,24717
24719,24723
24728,24732
24736,24740
24744,24748
24750,24754
24759,24763
24764,24768
24771,24775
24781,24785
24810,24814
24817,24821
24826,24830
24841,24845
24848,24852
24858,24862
24863,24867
24881,24885
24897,24901
24903,24907
24921,24925
24928,24932
24936,24940
24944,24948
24950,24954
24959,24963
24986,24990
24996,25000
25002,25006
25014,25018
25019,25023
25025,25029
25032,25036
25038,25042
25050,25054
25078,25082
25093,25097
25101,25105
25111,25115
25131,25135
25153,25157
25161,25165
25168,25172
25175,25179
25185,25189
25204,25208
25210,25214
25227,25231
25235,25239
25243,25247
25249,25253
25255,25259
25261,25265
25267,25271
25272,25276
25279,25283
25284,25288
25290,25294
25304,25308
25323,25327
25329,25333
25338,25342
25344,25348
25352,25356
25382,25386
25387,25391
25392,25396
25399,25403
25407,25411
25418,25422
25426,25430
25451,25455
25458,25462
25465,25469
25474,25478
25491,25495
25502,25506
25529,25533
25535,25539
25570,25574
25578,25582
25596,25600
25603,25607
25609,25613
25615,25619
25625,25629
25633,25637
25641,25645
25651,25655
25688,25692
25698,25702
25706,25710
25713,25717
25720,25724
25728,25732
25735,25739
25745,25749
25755,25759
25773,25777
25785,25789
25794,25798
25803,25807
25811,25815
25818,25822
25840,25844
25848,25852
25856,25860
25864,25868
25880,25884
25891,25895
25911,25915
25917,25921
25925,25929
25933,25937
25944,25948
25956,25960
25966,25970
25985,25989
25990,25994
25997,26001
26008,26012
26017,26021
26031,26035
26041,26045
26057,26061
26069,26073
26079,26083
26092,26096
26103,26107
26112,26116
26119,26123
26125,26129
26135,26139
26147,26151
26158,26162
26165,26169
26170,26174
26176,26180
26187,26191
26193,26197
26200,26204
26220,26224
26229,26233
26242,26246
26255,26259
26268,26272
26274,26278
26291,26295
26302,26306
26319,26323
26343,26347
26351,26355
26368,26372
26377,26381
26386,26390
26395,26399
26406,26410
26421,26425
26442,26446
26448,26452
26455,26459
26468,26472
26482,26486
26493,26497
26503,26507
26522,26526
26528,26532
26533,26537
26541,26545
26553,26557
26561,26565
26569,26573
26579,26583
26588,26592
26597,26601
26603,26607
26616,26620
26622,26626
26629,26633
26637,26641
26644,26648
26652,26656
26662,26666
26683,26687
26700,26704
26715,26719
26726,26730
26733,26737
26740,26744
26749,26753
26757,26761
26762,26766
26768,26772
26787,26791
26799,26803
26808,26812
26814,26818
26822,26826
26845,26849
26851,26855
26872,26876
26878,26882
26885,26889
26893,26897
26900,26904
26906,26910
26918,26922
26927,26931
26932,26936
26939,26943
26956,26960
26962,26966
26968,26972
26976,26980
26985,26989
26993,26997
27015,27019
27023,27027
27037,27041
27068,27072
27086,27090
27098,27102
27108,27112
27116,27120
27128,27132
27184,27188
27192,27196
27204,27208
27211,27215
27227,27231
27240,27244
27247,27251
27269,27273
27276,27280
27283,27287
27296,27300
27303,27307
27310,27314
27317,27321
27327,27331
27336,27340
27341,27345
27347,27351
27353,27357
27362,27366
27368,27372
27377,27381
27383,27387
27397,27401
27403,27407
27415,27419
27421,27425
27433,27437
27442,27446
27447,27451
27457,27461
27463,27467
27471,27475
27476,27480
27482,27486
27491,27495
27499,27503
27507,27511
27525,27529
27533,27537
27542,27546
27547,27551
27558,27562
27567,27571
27576,27580
27584,27588
27594,27598
27602,27606
27611,27615
27618,27622
27626,27630
27633,27637
27653,27657
27661,27665
27670,27674
27675,27679
27682,27686
27690,27694
27705,27709
27719,27723
27725,27729
27742,27746
27751,27755
27761,27765
27785,27789
27793,27797
27800,27804
27806,27810
27814,27818
27841,27845
27849,27853
27867,27871
27876,27880
27886,27890
27893,27897
27908,27912
27918,27922
27967,27971
27979,27983
28009,28013
28020,28024
28035,28039
28062,28066
28076,28080
28092,28096
28099,28103
28106,28110
28118,28122
28126,28130
28155,28159
28160,28164
28175,28179
28196,28200
28202,28206
28207,28211
28218,28222
28230,28234
28261,28265
28268,28272
28275,28279
28314,28318
28321,28325
28372,28376
28392,28396
28397,28401
28403,28407
28412,28416
28420,28424
28427,28431
28433,28437
28443,28447
28450,28454
28457,28461
28462,28466
28471,28475
28480,28484
28486,28490
28492,28496
28500,28504
28507,28511
28514,28518
28522,28526
28559,28563
28565,28569
28571,28575
28580,28584
28597,28601
28608,28612
28619,28623
28626,28630
28668,28672
28681,28685
28695,28699
28704,28708
28720,28724
28725,28729
28732,28736
28739,28743
28764,28768
28770,28774
28778,28782
28785,28789
28791,28795
28797,28801
28814,28818
28822,28826
28828,28832
28836,28840
28841,28845
28849,28853
28871,28875
28880,28884
28891,28895
28898,28902
28904,28908
28920,28924
28929,28933
28938,28942
28948,28952
28957,28961
28967,28971
28974,28978
28980,28984
28994,28998
29004,29008
29013,29017
29018,29022
29031,29035
29052,29056
29060,29064
29079,29083
29085,29089
29091,29095
29102,29106
29123,29127
29133,29137
29141,29145
29157,29161
29163,29167
29169,29173
29181,29185
29191,29195
29203,29207
29214,29218
29223,29227
29236,29240
29252,29256
29262,29266
29273,29277
29282,29286
29288,29292
29296,29300
29301,29305
29310,29314
29315,29319
29324,29328
29339,29343
29345,29349
29364,29368
29371,29375
29379,29383
29386,29390
29392,29396
29402,29406
29409,29413
29423,29427
29430,29434
29437,29441
29445,29449
29453,29457
29459,29463
29472,29476
29481,29485
29490,29494
29496,29500
29507,29511
29514,29518
29522,29526
29531,29535
29542,29546
29551,29555
29567,29571
29576,29580
29602,29606
29623,29627
29628,29632
29633,29637
29649,29653
29656,29660
29668,29672
29674,29678
29680,29684
29688,29692
29694,29698
29701,29705
29708,29712
29716,29720
29724,29728
29737,29741
29747,29751
29753,29757
29759,29763
29766,29770
29772,29776
29782,29786
29796,29800
29802,29806
29809,29813
29824,29828
29833,29837
29843,29847
29850,29854
29859,29863
29868,29872
29877,29881
29891,29895
29906,29910
29918,29922
29925,29929
29931,29935
29938,29942
29947,29951
29956,29960
29986,29990
29992,29996
30006,30010
30015,30019
30031,30035
30040,30044
30046,30050
30053,30057
30070,30074
30075,30079
30082,30086
30105,30109
30111,30115
30123,30127
30131,30135
30139,30143
30149,30153
30157,30161
30162,30166
30178,30182
30204,30208
30214,30218
30225,30229
30231,30235
30239,30243
30246,30250
30253,30257
30261,30265
30270,30274
30281,30285
30287,30291
30300,30304
30305,30309
30310,30314
30317,30321
30322,30326
30327,30331
30349,30353
30355,30359
30364,30368
30389,30393
30395,30399
30405,30409
30412,30416
30447,30451
30459,30463
30466,30470
30485,30489
30498,30502
30528,30532
30541,30545
30548,30552
30554,30558
30560,30564
30565,30569
30575,30579
30592,30596
30599,30603
30618,30622
30645,30649
30651,30655
30664,30668
30671,30675
30678,30682
30684,30688
30691,30695
30699,30703
30721,30725
30731,30735
30740,30744
30745,30749
30752,30756
30760,30764
30769,30773
30775,30779
30782,30786
30798,30802
30804,30808
30810,30814
30815,30819
30820,30824
30828,30832
30838,30842
30853,30857
30872,30876
30880,30884
30890,30894
30895,30899
30903,30907
30910,30914
30918,30922
30926,30930
30935,30939
30950,30954
30965,30969
30972,30976
30988,30992
30995,30999
31010,31014
31015,31019
31031,31035
31040,31044
31053,31057
31059,31063
31065,31069
31075,31079
31084,31088
31089,31093
31095,31099
31102,31106
31109,31113
31114,31118
31127,31131
31135,31139
31145,31149
31152,31156
31185,31189
31194,31198
31201,31205
31207,31211
31213,31217
31218,31222
31249,31253
31258,31262
31264,31268
31284,31288
31292,31296
31297,31301
31306,31310
31315,31319
31325,31329
31341,31345
31349,31353
31354,31358
31363,31367
31374,31378
31390,31394
31396,31400
31403,31407
31411,31415
31421,31425
31430,31434
31437,31441
31453,31457
31459,31463
31464,31468
31470,31474
31476,31480
31485,31489
31526,31530
31538,31542
31546,31550
31573,31577
31578,31582
31590,31594
31600,31604
31613,31617
31618,31622
31627,31631
31640,31644
31645,31649
31651,31655
31661,31665
31681,31685
31691,31695
31696,31700
31723,31727
31731,31735
31743,31747
31748,31752
31789,31793
31817,31821
31823,31827
31831,31835
31838,31842
31846,31850
31852,31856
31881,31885
31886,31890
31892,31896
31899,31903
31906,31910
31914,31918
31931,31935
31940,31944
31947,31951
31956,31960
31964,31968
31973,31977
31989,31993
31999,32003
32007,32011
32033,32037
32041,32045
32057,32061
32063,32067
32069,32073
32074,32078
32085,32089
32095,32099
32103,32107
32119,32123
32127,32131
32148,32152
32163,32167
32170,32174
32177,32181
32186,32190
32195,32199
32202,32206
32217,32221
32225,32229
32231,32235
32237,32241
32243,32247
32255,32259
32279,32283
32286,32290
32294,32298
32317,32321
32340,32344
32352,32356
32359,32363
32369,32373
32385,32389
32391,32395
32398,32402
32405,32409
32418,32422
32425,32429
32431,32435
32437,32441
32443,32447
32450,32454
32457,32461
32464,32468
32475,32479
32480,32484
32486,32490
32503,32507
32509,32513
32516,32520
32521,32525
32528,32532
32536,32540
32544,32548
32550,32554
32570,32574
32576,32580
32583,32587
32593,32597
32602,32606
32616,32620
32627,32631
32633,32637
32645,32649
32653,32657
32660,32664
32667,32671
32675,32679
32683,32687
32690,32694
32703,32707
32710,32714
32716,32720
32722,32726
32727,32731
32732,32736
32737,32741
32747,32751
32753,32757
32769,32773
32777,32781
32786,32790
32794,32798
32801,32805
32811,32815
32821,32825
32833,32837
32854,32858
32861,32865
32868,32872
32879,32883
32887,32891
32893,32897
32899,32903
32906,32910
32914,32918
32929,32933
32938,32942
32945,32949
32954,32958
32968,32972
32974,32978
32980,32984
32988,32992
32994,32998
33004,33008
33009,33013
33025,33029
33030,33034
33042,33046
33052,33056
33068,33072
33075,33079
33082,33086
33094,33098
33116,33120
33124,33128
33150,33154
33159,33163
33172,33176
33181,33185
33196,33200
33205,33209
33215,33219
33222,33226
33240,33244
33252,33256
33260,33264
33268,33272
33274,33278
33284,33288
33295,33299
33317,33321
33323,33327
33365,33369
33371,33375
33390,33394
33400,33404
33432,33436
33440,33444
33449,33453
33456,33460
33480,33484
33487,33491
33512,33516
33523,33527
33533,33537
33544,33548
33551,33555
33563,33567
33570,33574
33583,33587
33590,33594
33596,33600
33601,33605
33610,33614
33619,33623
33629,33633
33635,33639
33658,33662
33667,33671
33680,33684
33687,33691
33694,33698
33709,33713
33718,33722
33741,33745
33752,33756
33762,33766
33812,33816
33820,33824
33830,33834
33837,33841
33845,33849
33855,33859
33877,33881
33888,33892
33902,33906
33913,33917
33921,33925
33944,33948
33953,33957
33962,33966
33971,33975
33985,33989
33996,34000
34002,34006
34008,34012
34015,34019
34030,34034
34036,34040
34045,34049
34061,34065
34085,34089
34091,34095
34107,34111
34113,34117
34123,34127
34129,34133
34138,34142
34146,34150
34162,34166
34171,34175
34179,34183
34185,34189
34191,34195
34203,34207
34213,34217
34219,34223
34235,34239
34242,34246
34248,34252
34262,34266
34269,34273
34277,34281
34287,34291
34307,34311
34312,34316
34318,34322
34336,34340
34359,34363
34383,34387
34391,34395
34408,34412
34413,34417
34418,34422
34426,34430
34437,34441
34446,34450
34472,34476
34485,34489
34494,34498
34513,34517
34537,34541
34544,34548
34550,34554
34557,34561
34571,34575
34607,34611
34642,34646
34649,34653
34672,34676
34685,34689
34708,34712
34719,34723
34743,34747
34750,34754
34757,34761
34799,34803
34807,34811
34814,34818
34823,34827
34832,34836
34842,34846
34856,34860
34864,34868
34870,34874
34880,34884
34888,34892
34896,34900
34913,34917
34920,34924
34926,34930
34935,34939
34943,34947
34950,34954
34956,34960
34971,34975
34995,34999
35004,35008
35011,35015
35021,35025
35031,35035
35041,35045
35049,35053
35066,35070
35075,35079
35085,35089
35098,35102
35104,35108
35123,35127
35130,35134
35148,35152
35154,35158
35162,35166
35169,35173
35179,35183
35188,35192
35196,35200
35204,35208
35211,35215
35223,35227
35239,35243
35248,35252
35270,35274
35280,35284
35287,35291
35294,35298
35304,35308
35313,35317
35340,35344
35350,35354
35385,35389
35405,35409
35417,35421
35422,35426
35431,35435
35442,35446
35449,35453
35459,35463
35472,35476
35479,35483
35486,35490
35498,35502
35504,35508
35510,35514
35518,35522
35542,35546
35553,35557
35562,35566
35570,35574
35577,35581
35588,35592
35594,35598
35600,35604
35605,35609
35614,35618
35620,35624
35626,35630
35631,35635
35637,35641
35646,35650
35654,35658
35661,35665
35675,35679
35692,35696
35702,35706
35713,35717
35732,35736
35740,35744
35757,35761
35768,35772
35777,35781
35806,35810
35814,35818
35820,35824
35828,35832
35837,35841
35850,35854
35859,35863
35872,35876
35885,35889
35892,35896
35902,35906
35918,35922
35923,35927
35931,35935
35937,35941
35945,35949
35952,35956
35959,35963
35968,35972
35989,35993
35994,35998
35999,36003
36005,36009
36018,36022
36025,36029
36049,36053
36057,36061
36070,36074
36077,36081
36084,36088
36108,36112
36116,36120
36124,36128
36130,36134
36139,36143
36152,36156
36162,36166
36171,36175
36178,36182
36195,36199
36202,36206
36210,36214
36218,36222
36225,36229
36238,36242
36246,36250
36256,36260
36262,36266
36274,36278
36282,36286
36293,36297
36300,36304
36306,36310
36316,36320
36327,36331
36334,36338
36347,36351
36355,36359
36361,36365
36386,36390
36393,36397
36400,36404
36433,36437
36438,36442
36444,36448
36452,36456
36459,36463
36473,36477
36485,36489
36492,36496
36499,36503
36506,36510
36519,36523
36530,36534
36538,36542
36543,36547
36567,36571
36572,36576
36578,36582
36584,36588
36591,36595
36599,36603
36606,36610
36612,36616
36618,36622
36630,36634
36640,36644
36667,36671
36680,36684
36696,36700
36711,36715
36720,36724
36729,36733
36735,36739
36741,36745
36748,36752
36755,36759
36764,36768
36771,36775
36778,36782
36784,36788
36795,36799
36802,36806
36810,36814
36819,36823
36826,36830
36833,36837
36841,36845
36858,36862
36865,36869
36872,36876
36883,36887
36890,36894
36919,36923
36926,36930
36934,36938
36943,36947
36953,36957
36960,36964
36965,36969
36971,36975
36988,36992
36999,37003
37009,37013
37017,37021
37025,37029
37033,37037
37041,37045
37050,37054
37092,37096
37100,37104
37112,37116
37131,37135
37138,37142
37177,37181
37188,37192
37196,37200
37207,37211
37217,37221
37226,37230
37235,37239
37242,37246
37248,37252
37257,37261
37306,37310
37319,37323
37325,37329
37330,37334
37336,37340
37345,37349
37352,37356
37371,37375
37380,37384
37388,37392
37395,37399
37401,37405
37408,37412
37441,37445
37458,37462
37466,37470
37473,37477
37482,37486
37490,37494
37497,37501
37506,37510
37512,37516
37535,37539
37543,37547
37550,37554
37556,37560
37575,37579
37582,37586
37597,37601
37603,37607
37609,37613
37614,37618
37629,37633
37638,37642
37644,37648
37663,37667
37671,37675
37681,37685
37690,37694
37697,37701
37707,37711
37724,37728
37730,37734
37746,37750
37755,37759
37774,37778
37786,37790
37796,37800
37828,37832
37853,37857
37859,37863
37873,37877
37879,37883
37887,37891
37896,37900
37904,37908
37917,37921
37924,37928
37931,37935
37947,37951
37955,37959
37972,37976
37986,37990
37991,37995
38003,38007
38009,38013
38019,38023
38028,38032
38036,38040
38054,38058
38067,38071
38077,38081
38083,38087
38106,38110
38114,38118
38123,38127
38131,38135
38147,38151
38153,38157
38160,38164
38169,38173
38186,38190
38193,38197
38224,38228
38230,38234
38236,38240
38243,38247
38255,38259
38262,38266
38269,38273
38285,38289
38290,38294
38296,38300
38302,38306
38308,38312
38314,38318
38337,38341
38343,38347
38355,38359
38361,38365
38390,38394
38400,38404
38418,38422
38426,38430
38433,38437
38440,38444
38456,38460
38465,38469
38471,38475
38486,38490
38492,38496
38498,38502
38509,38513
38528,38532
38536,38540
38577,38581
38595,38599
38604,38608
38617,38621
38628,38632
38637,38641
38647,38651
38655,38659
38664,38668
38671,38675
38678,38682
38689,38693
38698,38702
38707,38711
38715,38719
38721,38725
38728,38732
38736,38740
38745,38749
38779,38783
38784,38788
38807,38811
38813,38817
38828,38832
38834,38838
38841,38845
38855,38859
38863,38867
38878,38882
38885,38889
38914,38918
38927,38931
38932,38936
38937,38941
38962,38966
38984,38988
38992,38996
39008,39012
39016,39020
39022,39026
39029,39033
39048,39052
39056,39060
39087,39091
39093,39097
39100,39104
39114,39118
39121,39125
39128,39132
39136,39140
39161,39165
39171,39175
39181,39185
39210,39214
39215,39219
39221,39225
39229,39233
39237,39241
39245,39249
39254,39258
39261,39265
39302,39306
39309,39313
39323,39327
39330,39334
39337,39341
39344,39348
39352,39356
39360,39364
39371,39375
39379,39383
39386,39390
39393,39397
39409,39413
39418,39422
39437,39441
39447,39451
39495,39499
39502,39506
39510,39514
39526,39530
39532,39536
39559,39563
39565,39569
39570,39574
39576,39580
39586,39590
39596,39600
39603,39607
39609,39613
39634,39638
39663,39667
39674,39678
39682,39686
39688,39692
39703,39707
39713,39717
39723,39727
39729,39733
39736,39740
39743,39747
39755,39759
39761,39765
39768,39772
39805,39809
39811,39815
39821,39825
39837,39841
39844,39848
39882,39886
39888,39892
39903,39907
39909,39913
39915,39919
39921,39925
39928,39932
39947,39951
39953,39957
39959,39963
39967,39971
39975,39979
39982,39986
39993,39997
40007,40011
40018,40022
40030,40034
40038,40042
40045,40049
40054,40058
40062,40066
40081,40085
40087,40091
40095,40099
40100,40104
40116,40120
40122,40126
40128,40132
40138,40142
40144,40148
40149,40153
40156,40160
40168,40172
40174,40178
40181,40185
40189,40193
40196,40200
40210,40214
40216,40220
40223,40227
40240,40244
40246,40250
40252,40256
40259,40263
40276,40280
40284,40288
40292,40296
40298,40302
40311,40315
40317,40321
40330,40334
40338,40342
40360,40364
40372,40376
40383,40387
40397,40401
40405,40409
40414,40418
40422,40426
40430,40434
40439,40443
40447,40451
40456,40460
40466,40470
40473,40477
40489,40493
40497,40501
40503,40507
40510,40514
40517,40521
40525,40529
40534,40538
40539,40543
40544,40548
40552,40556
40580,40584
40587,40591
40601,40605
40606,40610
40612,40616
40620,40624
40626,40630
40636,40640
40643,40647
40656,40660
40667,40671
40696,40700
40703,40707
40711,40715
40724,40728
40760,40764
40770,40774
40790,40794
40797,40801
40811,40815
40821,40825
40827,40831
40844,40848
40854,40858
40870,40874
40894,40898
40903,40907
40910,40914
40916,40920
40931,40935
40965,40969
40983,40987
40989,40993
40994,40998
41013,41017
41019,41023
41024,41028
41038,41042
41046,41050
41059,41063
41068,41072
41080,41084
41087,41091
41108,41112
41113,41117
41120,41124
41129,41133
41138,41142
41144,41148
41155,41159
41162,41166
41169,41173
41179,41183
41185,41189
41192,41196
41199,41203
41207,41211
41217,41221
41225,41229
41232,41236
41240,41244
41249,41253
41258,41262
41265,41269
41292,41296
41301,41305
41307,41311
41313,41317
41327,41331
41339,41343
41346,41350
41354,41358
41360,41364
41367,41371
41377,41381
41389,41393
41396,41400
41404,41408
41412,41416
41419,41423
41429,41433
41435,41439
41466,41470
41474,41478
41486,41490
41502,41506
41514,41518
41528,41532
41533,41537
41540,41544
41550,41554
41561,41565
41571,41575
41583,41587
41590,41594
41607,41611
41645,41649
41654,41658
41678,41682
41684,41688
41690,41694
41710,41714
41718,41722
41724,41728
41732,41736
41759,41763
41767,41771
41780,41784
41785,41789
41806,41810
41813,41817
41818,41822
41823,41827
41830,41834
41843,41847
41849,41853
41854,41858
41859,41863
41866,41870
41887,41891
41899,41903
41906,41910
41922,41926
41930,41934
41939,41943
41947,41951
41953,41957
41966,41970
41972,41976
41979,41983
41986,41990
41994,41998
42021,42025
42029,42033
42037,42041
42051,42055
42062,42066
42082,42086
42116,42120
42122,42126
42127,42131
42132,42136
42145,42149
42152,42156
42180,42184
42204,42208
42209,42213
42215,42219
42222,42226
42231,42235
42239,42243
42252,42256
42274,42278
42283,42287
42289,42293
42306,42310
42317,42321
42323,42327
42330,42334
42341,42345
42351,42355
42376,42380
42384,42388
42392,42396
42407,42411
42418,42422
42429,42433
42439,42443
42448,42452
42460,42464
42473,42477
42479,42483
42493,42497
42502,42506
42509,42513
42519,42523
42528,42532
42550,42554
42557,42561
42563,42567
42571,42575
42589,42593
42595,42599
42603,42607
42611,42615
42619,42623
42630,42634
42636,42640
42644,42648
42651,42655
42659,42663
42682,42686
42695,42699
42701,42705
42709,42713
42717,42721
42726,42730
42736,42740
42742,42746
42774,42778
42811,42815
42821,42825
42828,42832
42840,42844
42850,42854
42872,42876
42883,42887
42897,42901
42905,42909
42957,42961
42962,42966
42967,42971
42978,42982
42998,43002
43007,43011
43015,43019
43029,43033
43051,43055
43059,43063
43084,43088
43089,43093
43096,43100
43106,43110
43115,43119
43122,43126
43130,43134
43135,43139
43148,43152
43157,43161
43166,43170
43172,43176
43199,43203
43210,43214
43220,43224
43229,43233
43238,43242
43246,43250
43253,43257
43264,43268
43276,43280
43287,43291
43293,43297
43299,43303
43309,43313
43354,43358
43367,43371
43374,43378
43381,43385
43388,43392
43393,43397
43408,43412
43414,43418
43422,43426
43429,43433
43437,43441
43445,43449
43462,43466
43468,43472
43475,43479
43480,43484
43486,43490
43497,43501
43504,43508
43513,43517
43525,43529
43533,43537
43540,43544
43568,43572
43574,43578
43580,43584
43587,43591
43593,43597
43614,43618
43620,43624
43626,43630
43635,43639
43645,43649
43656,43660
43680,43684
43685,43689
43691,43695
43698,43702
43704,43708
43729,43733
43735,43739
43742,43746
43749,43753
43756,43760
43764,43768
43777,43781
43784,43788
43794,43798
43812,43816
43822,43826
43830,43834
43837,43841
43868,43872
43874,43878
43879,43883
43890,43894
43900,43904
43910,43914
43916,43920
43937,43941
43948,43952
43954,43958
43984,43988
43992,43996
43999,44003
44020,44024
44027,44031
44034,44038
44044,44048
44070,44074
44085,44089
44091,44095
44100,44104
44125,44129
44131,44135
44138,44142
44146,44150
44153,44157
44166,44170
44189,44193
44198,44202
44207,44211
44219,44223
44227,44231
44235,44239
44241,44245
44266,44270
44274,44278
44284,44288
44296,44300
44303,44307
44314,44318
44322,44326
44327,44331
44348,44352
44355,44359
44363,44367
44370,44374
44377,44381
44393,44397
44401,44405
44413,44417
44424,44428
44449,44453
44455,44459
44472,44476
44485,44489
44496,44500
44507,44511
44516,44520
44533,44537
44543,44547
44556,44560
44562,44566
44569,44573
44577,44581
44584,44588
44591,44595
44605,44609
44618,44622
44624,44628
44630,44634
44639,44643
44661,44665
44670,44674
44677,44681
44691,44695
44714,44718
44731,44735
44739,44743
44747,44751
44756,44760
44771,44775
44777,44781
44785,44789
44817,44821
44830,44834
44837,44841
44844,44848
44858,44862
44865,44869
44874,44878
44883,44887
44890,44894
44896,44900
44906,44910
