phrase_line_num,paraphrase_line_num
1,7
7,1
8,18
18,8
26,32
32,26
35,42
42,35
49,55
55,49
62,67
67,62
71,79
79,71
87,93
93,87
101,108
108,101
115,122
122,115
130,135
135,130
141,147
147,141
154,158
158,154
161,166
166,161
172,181
181,172
185,188
188,185
191,197
197,191
202,209
209,202
218,224
224,218
229,233
233,229
238,246
246,238
256,262
262,256
268,271
271,268
276,280
280,276
284,289
289,284
298,305
305,298
312,316
316,312
319,324
324,319
330,335
335,330
339,346
346,339
353,361
361,353
370,373
373,370
378,381
381,378
387,388
388,387
391,393
393,391
396,403
403,396
409,413
413,409
417,421
421,417
426,431
431,426
437,448
448,437
455,460
460,455
465,473
473,465
479,483
483,479
488,498
498,488
507,511
511,507
513,522
522,513
532,540
540,532
546,552
552,546
558,562
562,558
565,569
569,565
573,579
579,573
583,588
588,583
592,594
594,592
598,602
602,598
606,617
617,606
627,632
632,627
635,640
640,635
645,653
653,645
659,662
662,659
665,672
672,665
679,684
684,679
689,691
691,689
693,694
694,693
696,698
698,696
700,704
704,700
710,722
722,710
732,739
739,732
748,754
754,748
759,762
762,759
769,774
774,769
778,784
784,778
791,794
794,791
799,805
805,799
810,814
814,810
821,826
826,821
831,833
833,831
839,844
844,839
846,851
851,846
857,864
864,857
870,874
874,870
880,884
884,880
891,897
897,891
904,912
912,904
920,926
926,920
932,937
937,932
943,948
948,943
959,967
967,959
976,983
983,976
988,992
992,988
995,998
998,995
1001,1006
1006,1001
1010,1014
1014,1010
1016,1019
1019,1016
1025,1029
1029,1025
1031,1038
1038,1031
1043,1050
1050,1043
1057,1062
1062,1057
1066,1068
1068,1066
1070,1074
1074,1070
1078,1091
1091,1078
1103,1111
1111,1103
1121,1129
1129,1121
1138,1146
1146,1138
1152,1156
1156,1152
1159,1170
1170,1159
1180,1181
1181,1180
1184,1191
1191,1184
1198,1203
1203,1198
1210,1212
1212,1210
1215,1218
1218,1215
1221,1230
1230,1221
1237,1242
1242,1237
1248,1252
1252,1248
1256,1264
1264,1256
1270,1277
1277,1270
1285,1292
1292,1285
1300,1304
1304,1300
1309,1314
1314,1309
1319,1323
1323,1319
1330,1340
1340,1330
1350,1354
1354,1350
1358,1364
1364,1358
1369,1376
1376,1369
1380,1384
1384,1380
1387,1394
1394,1387
1401,1404
1404,1401
1411,1422
1422,1411
1429,1437
1437,1429
1444,1452
1452,1444
1459,1464
1464,1459
1470,1480
1480,1470
1489,1494
1494,1489
1500,1510
1510,1500
1519,1525
1525,1519
1530,1535
1535,1530
1540,1548
1548,1540
1554,1558
1558,1554
1562,1569
1569,1562
1574,1579
1579,1574
1583,1588
1588,1583
1593,1598
1598,1593
1603,1607
1607,1603
1612,1615
1615,1612
1617,1622
1622,1617
1627,1632
1632,1627
1637,1644
1644,1637
1652,1660
1660,1652
1669,1671
1671,1669
1674,1686
1686,1674
1698,1699
1699,1698
1700,1708
1708,1700
1714,1719
1719,1714
1723,1731
1731,1723
1737,1742
1742,1737
1746,1751
1751,1746
1757,1760
1760,1757
1763,1766
1766,1763
1770,1775
1775,1770
1781,1791
1791,1781
1803,1806
1806,1803
1809,1817
1817,1809
1824,1834
1834,1824
1843,1850
1850,1843
1858,1861
1861,1858
1863,1870
1870,1863
1876,1883
1883,1876
1889,1896
1896,1889
1903,1908
1908,1903
1913,1921
1921,1913
1931,1936
1936,1931
1942,1947
1947,1942
1950,1957
1957,1950
1965,1969
1969,1965
1974,1978
1978,1974
1981,1986
1986,1981
1990,1994
1994,1990
2000,2005
2005,2000
2009,2018
2018,2009
2028,2035
2035,2028
2042,2044
2044,2042
2046,2051
2051,2046
2059,2066
2066,2059
2072,2077
2077,2072
2082,2091
2091,2082
2100,2106
2106,2100
2110,2116
2116,2110
2123,2127
2127,2123
2131,2139
2139,2131
2147,2152
2152,2147
2157,2162
2162,2157
2167,2171
2171,2167
2174,2176
2176,2174
2182,2186
2186,2182
2193,2196
2196,2193
2201,2203
2203,2201
2206,2213
2213,2206
2218,2223
2223,2218
2228,2236
2236,2228
2243,2246
2246,2243
2249,2258
2258,2249
2267,2276
2276,2267
2283,2287
2287,2283
2291,2295
2295,2291
2301,2305
2305,2301
2308,2315
2315,2308
2322,2328
2328,2322
2335,2341
2341,2335
2346,2350
2350,2346
2355,2362
2362,2355
2369,2375
2375,2369
2380,2385
2385,2380
2391,2398
2398,2391
2405,2414
2414,2405
2423,2429
2429,2423
2435,2439
2439,2435
2442,2446
2446,2442
2450,2453
2453,2450
2457,2462
2462,2457
2468,2472
2472,2468
2476,2482
2482,2476
2488,2491
2491,2488
2494,2503
2503,2494
2510,2516
2516,2510
2523,2527
2527,2523
2531,2536
2536,2531
2541,2553
2553,2541
2561,2568
2568,2561
2575,2580
2580,2575
2583,2590
2590,2583
2598,2604
2604,2598
2612,2616
2616,2612
2620,2628
2628,2620
2633,2639
2639,2633
2644,2651
2651,2644
2656,2662
2662,2656
2665,2677
2677,2665
2688,2695
2695,2688
2701,2706
2706,2701
2711,2720
2720,2711
2727,2735
2735,2727
2739,2744
2744,2739
2748,2754
2754,2748
2760,2768
2768,2760
2774,2785
2785,2774
2795,2804
2804,2795
2811,2817
2817,2811
2822,2827
2827,2822
2830,2834
2834,2830
2837,2843
2843,2837
2848,2854
2854,2848
2859,2864
2864,2859
2867,2873
2873,2867
2881,2883
2883,2881
2886,2888
2888,2886
2892,2897
2897,2892
2904,2912
2912,2904
2918,2924
2924,2918
2931,2936
2936,2931
2942,2946
2946,2942
2949,2954
2954,2949
2961,2966
2966,2961
2971,2975
2975,2971
2979,2986
2986,2979
2992,2994
2994,2992
2999,3004
3004,2999
3007,3017
3017,3007
3026,3029
3029,3026
3033,3035
3035,3033
3039,3045
3045,3039
3049,3053
3053,3049
3056,3061
3061,3056
3067,3070
3070,3067
3073,3078
3078,3073
3084,3086
3086,3084
3087,3092
3092,3087
3094,3101
3101,3094
3106,3115
3115,3106
3126,3130
3130,3126
3135,3139
3139,3135
3144,3148
3148,3144
3151,3156
3156,3151
3161,3167
3167,3161
3174,3183
3183,3174
3191,3200
3200,3191
3210,3218
3218,3210
3226,3231
3231,3226
3239,3243
3243,3239
3248,3253
3253,3248
3258,3261
3261,3258
3263,3273
3273,3263
3282,3287
3287,3282
3291,3297
3297,3291
3303,3308
3308,3303
3314,3318
3318,3314
3322,3328
3328,3322
3335,3340
3340,3335
3345,3353
3353,3345
3361,3366
3366,3361
3371,3375
3375,3371
3380,3385
3385,3380
3390,3398
3398,3390
3406,3412
3412,3406
3418,3427
3427,3418
3435,3440
3440,3435
3442,3447
3447,3442
3452,3456
3456,3452
3459,3464
3464,3459
3469,3472
3472,3469
3473,3479
3479,3473
3484,3493
3493,3484
3501,3506
3506,3501
3510,3516
3516,3510
3520,3527
3527,3520
3535,3541
3541,3535
3547,3550
3550,3547
3553,3556
3556,3553
3558,3561
3561,3558
3564,3570
3570,3564
3575,3582
3582,3575
3588,3596
3596,3588
3604,3608
3608,3604
3611,3613
3613,3611
3618,3622
3622,3618
3626,3631
3631,3626
3636,3642
3642,3636
3646,3652
3652,3646
3660,3669
3669,3660
3675,3679
3679,3675
3683,3689
3689,3683
3696,3703
3703,3696
3708,3713
3713,3708
3719,3723
3723,3719
3728,3731
3731,3728
3734,3738
3738,3734
3742,3746
3746,3742
3750,3753
3753,3750
3756,3759
3759,3756
3762,3766
3766,3762
3771,3779
3779,3771
3788,3795
3795,3788
3801,3809
3809,3801
3817,3825
3825,3817
3834,3842
3842,3834
3850,3857
3857,3850
3863,3871
3871,3863
3879,3886
3886,3879
3894,3896
3896,3894
3900,3907
3907,3900
3913,3918
3918,3913
3924,3930
3930,3924
3936,3942
3942,3936
3946,3955
3955,3946
3963,3972
3972,3963
3982,3987
3987,3982
3993,3998
3998,3993
4002,4009
4009,4002
4014,4024
4024,4014
4031,4036
4036,4031
4044,4050
4050,4044
4055,4067
4067,4055
4079,4085
4085,4079
4090,4096
4096,4090
4103,4111
4111,4103
4119,4125
4125,4119
4132,4136
4136,4132
4141,4144
4144,4141
4145,4149
4149,4145
4152,4157
4157,4152
4161,4168
4168,4161
4172,4178
4178,4172
4183,4187
4187,4183
4192,4199
4199,4192
4203,4207
4207,4203
4212,4218
4218,4212
4223,4227
4227,4223
4232,4238
4238,4232
4248,4257
4257,4248
4263,4269
4269,4263
4273,4283
4283,4273
4291,4298
4298,4291
4306,4314
4314,4306
4324,4330
4330,4324
4336,4341
4341,4336
4346,4356
4356,4346
4364,4368
4368,4364
4372,4379
4379,4372
4387,4393
4393,4387
4398,4401
4401,4398
4406,4414
4414,4406
4423,4431
4431,4423
4437,4447
4447,4437
4456,4465
4465,4456
4473,4477
4477,4473
4480,4487
4487,4480
4493,4496
4496,4493
4500,4506
4506,4500
4510,4516
4516,4510
4524,4532
4532,4524
4540,4545
4545,4540
4551,4555
4555,4551
4559,4562
4562,4559
4566,4571
4571,4566
4575,4580
4580,4575
4584,4592
4592,4584
4600,4609
4609,4600
4619,4623
4623,4619
4626,4632
4632,4626
4638,4640
4640,4638
4642,4646
4646,4642
4650,4656
4656,4650
4664,4668
4668,4664
4675,4681
4681,4675
4688,4694
4694,4688
4700,4705
4705,4700
4710,4713
4713,4710
4717,4721
4721,4717
4724,4733
4733,4724
4742,4746
4746,4742
4750,4755
4755,4750
4760,4764
4764,4760
4769,4772
4772,4769
4777,4783
4783,4777
4788,4795
4795,4788
4804,4812
4812,4804
4820,4828
4828,4820
4836,4847
4847,4836
4857,4866
4866,4857
4875,4880
4880,4875
4883,4885
4885,4883
4887,4891
4891,4887
4895,4898
4898,4895
4903,4909
4909,4903
4915,4923
4923,4915
4930,4934
4934,4930
4938,4943
4943,4938
4948,4957
4957,4948
4967,4974
4974,4967
4984,4991
4991,4984
4998,5004
5004,4998
5009,5016
5016,5009
5022,5026
5026,5022
5030,5037
5037,5030
5043,5050
5050,5043
5057,5061
5061,5057
5066,5072
5072,5066
5078,5083
5083,5078
5090,5096
5096,5090
5105,5109
5109,5105
5113,5118
5118,5113
5124,5129
5129,5124
5135,5139
5139,5135
5144,5153
5153,5144
5161,5167
5167,5161
5172,5180
5180,5172
5188,5195
5195,5188
5200,5205
5205,5200
5212,5217
5217,5212
5221,5225
5225,5221
5228,5231
5231,5228
5234,5239
5239,5234
5245,5248
5248,5245
5253,5259
5259,5253
5263,5269
5269,5263
5278,5283
5283,5278
5287,5298
5298,5287
5309,5315
5315,5309
5321,5326
5326,5321
5330,5342
5342,5330
5355,5357
5357,5355
5362,5369
5369,5362
5376,5380
5380,5376
5384,5390
5390,5384
5398,5404
5404,5398
5410,5413
5413,5410
5415,5423
5423,5415
5431,5435
5435,5431
5442,5447
5447,5442
5450,5453
5453,5450
5456,5465
5465,5456
5476,5480
5480,5476
5483,5486
5486,5483
5489,5500
5500,5489
5510,5513
5513,5510
5517,5519
5519,5517
5522,5528
5528,5522
5536,5543
5543,5536
5550,5554
5554,5550
5557,5562
5562,5557
5566,5573
5573,5566
5578,5587
5587,5578
5597,5605
5605,5597
5613,5616
5616,5613
5620,5630
5630,5620
5638,5645
5645,5638
5652,5654
5654,5652
5657,5663
5663,5657
5669,5676
5676,5669
5681,5690
5690,5681
5699,5705
5705,5699
5711,5715
5715,5711
5718,5722
5722,5718
5726,5736
5736,5726
5743,5747
5747,5743
5751,5758
5758,5751
5764,5768
5768,5764
5772,5779
5779,5772
5787,5794
5794,5787
5802,5806
5806,5802
5810,5817
5817,5810
5823,5827
5827,5823
5831,5835
5835,5831
5841,5846
5846,5841
5850,5855
5855,5850
5859,5865
5865,5859
5875,5878
5878,5875
5880,5886
5886,5880
5891,5895
5895,5891
5899,5902
5902,5899
5905,5909
5909,5905
5914,5918
5918,5914
5923,5930
5930,5923
5936,5940
5940,5936
5946,5953
5953,5946
5960,5967
5967,5960
5974,5985
5985,5974
5997,6005
6005,5997
6012,6017
6017,6012
6022,6030
6030,6022
6038,6044
6044,6038
6052,6056
6056,6052
6059,6065
6065,6059
6073,6076
6076,6073
6078,6081
6081,6078
6084,6089
6089,6084
6093,6101
6101,6093
6110,6112
6112,6110
6113,6118
6118,6113
6123,6128
6128,6123
6133,6142
6142,6133
6148,6151
6151,6148
6154,6160
6160,6154
6166,6175
6175,6166
6181,6188
6188,6181
6194,6199
6199,6194
6206,6213
6213,6206
6220,6230
6230,6220
6241,6249
6249,6241
6256,6261
6261,6256
6267,6269
6269,6267
6273,6278
6278,6273
6285,6292
6292,6285
6296,6302
6302,6296
6307,6316
6316,6307
6327,6334
6334,6327
6338,6343
6343,6338
6348,6354
6354,6348
6359,6364
6364,6359
6369,6377
6377,6369
6385,6394
6394,6385
6401,6405
6405,6401
6409,6416
6416,6409
6427,6432
6432,6427
6438,6443
6443,6438
6449,6453
6453,6449
6459,6463
6463,6459
6467,6475
6475,6467
6482,6486
6486,6482
6490,6496
6496,6490
6501,6511
6511,6501
6520,6527
6527,6520
6536,6543
6543,6536
6548,6552
6552,6548
6558,6568
6568,6558
6576,6578
6578,6576
6582,6587
6587,6582
6593,6595
6595,6593
6597,6604
6604,6597
6613,6616
6616,6613
6618,6625
6625,6618
6631,6636
6636,6631
6641,6648
6648,6641
6651,6655
6655,6651
6659,6662
6662,6659
6664,6674
6674,6664
6683,6687
6687,6683
6691,6696
6696,6691
6699,6701
6701,6699
6703,6706
6706,6703
6711,6716
6716,6711
6722,6730
6730,6722
6737,6739
6739,6737
6742,6750
6750,6742
6759,6763
6763,6759
6767,6773
6773,6767
6780,6785
6785,6780
6793,6796
6796,6793
6798,6803
6803,6798
6809,6814
6814,6809
6821,6826
6826,6821
6834,6841
6841,6834
6848,6854
6854,6848
6859,6866
6866,6859
6874,6880
6880,6874
6887,6889
6889,6887
6892,6898
6898,6892
6905,6908
6908,6905
6911,6918
6918,6911
6925,6933
6933,6925
6940,6944
6944,6940
6948,6955
6955,6948
6959,6964
6964,6959
6970,6974
6974,6970
6979,6986
6986,6979
6993,6999
6999,6993
7004,7009
7009,7004
7016,7019
7019,7016
7024,7027
7027,7024
7032,7039
7039,7032
7045,7052
7052,7045
7057,7059
7059,7057
7061,7068
7068,7061
7074,7081
7081,7074
7088,7090
7090,7088
7094,7100
7100,7094
7106,7110
7110,7106
7114,7118
7118,7114
7122,7127
7127,7122
7135,7141
7141,7135
7146,7153
7153,7146
7160,7164
7164,7160
7169,7176
7176,7169
7183,7185
7185,7183
7188,7193
7193,7188
7200,7210
7210,7200
7217,7222
7222,7217
7227,7232
7232,7227
7236,7241
7241,7236
7244,7250
7250,7244
7258,7262
7262,7258
7264,7272
7272,7264
7276,7281
7281,7276
7287,7295
7295,7287
7302,7305
7305,7302
7308,7313
7313,7308
7318,7323
7323,7318
7329,7336
7336,7329
7345,7351
7351,7345
7357,7362
7362,7357
7367,7371
7371,7367
7374,7384
7384,7374
7394,7401
7401,7394
7407,7415
7415,7407
7422,7429
7429,7422
7435,7441
7441,7435
7447,7452
7452,7447
7457,7463
7463,7457
7469,7474
7474,7469
7480,7484
7484,7480
7488,7493
7493,7488
7498,7503
7503,7498
7510,7515
7515,7510
7518,7524
7524,7518
7529,7534
7534,7529
7539,7542
7542,7539
7546,7554
7554,7546
7560,7564
7564,7560
7569,7576
7576,7569
7582,7586
7586,7582
7590,7596
7596,7590
7601,7609
7609,7601
7618,7625
7625,7618
7632,7638
7638,7632
7644,7650
7650,7644
7656,7663
7663,7656
7669,7676
7676,7669
7683,7687
7687,7683
7691,7698
7698,7691
7704,7707
7707,7704
7711,7714
7714,7711
7716,7723
7723,7716
7731,7735
7735,7731
7741,7748
7748,7741
7754,7759
7759,7754
7767,7770
7770,7767
7776,7781
7781,7776
7785,7789
7789,7785
7793,7799
7799,7793
7805,7810
7810,7805
7815,7821
7821,7815
7827,7835
7835,7827
7843,7853
7853,7843
7861,7866
7866,7861
7870,7875
7875,7870
7880,7883
7883,7880
7889,7894
7894,7889
7899,7907
7907,7899
7915,7917
7917,7915
7919,7923
7923,7919
7927,7932
7932,7927
7939,7941
7941,7939
7944,7947
7947,7944
7950,7955
7955,7950
7961,7965
7965,7961
7971,7977
7977,7971
7983,7994
7994,7983
8004,8013
8013,8004
8023,8030
8030,8023
8041,8049
8049,8041
8053,8058
8058,8053
8064,8067
8067,8064
8070,8074
8074,8070
8077,8083
8083,8077
8089,8097
8097,8089
8107,8113
8113,8107
8116,8123
8123,8116
8130,8138
8138,8130
8147,8151
8151,8147
8155,8166
8166,8155
8172,8178
8178,8172
8184,8189
8189,8184
8194,8201
8201,8194
8206,8207
8207,8206
8211,8216
8216,8211
8221,8227
8227,8221
8233,8239
8239,8233
8245,8251
8251,8245
8254,8260
8260,8254
8266,8272
8272,8266
8277,8283
8283,8277
8287,8297
8297,8287
8308,8314
8314,8308
8320,8325
8325,8320
8331,8334
8334,8331
8336,8342
8342,8336
8349,8359
8359,8349
8369,8375
8375,8369
8379,8384
8384,8379
8388,8395
8395,8388
8402,8412
8412,8402
8421,8428
8428,8421
8436,8441
8441,8436
8447,8450
8450,8447
8456,8460
8460,8456
8464,8471
8471,8464
8476,8483
8483,8476
8489,8494
8494,8489
8498,8503
8503,8498
8509,8514
8514,8509
8520,8525
8525,8520
8531,8540
8540,8531
8549,8554
8554,8549
8561,8567
8567,8561
8575,8580
8580,8575
8584,8594
8594,8584
8604,8610
8610,8604
8616,8621
8621,8616
8626,8634
8634,8626
8641,8653
8653,8641
8666,8674
8674,8666
8680,8686
8686,8680
8691,8694
8694,8691
8699,8703
8703,8699
8707,8709
8709,8707
8713,8718
8718,8713
8721,8726
8726,8721
8734,8739
8739,8734
8744,8754
8754,8744
8761,8767
8767,8761
8775,8780
8780,8775
8784,8786
8786,8784
8790,8793
8793,8790
8796,8803
8803,8796
8809,8813
8813,8809
8818,8820
8820,8818
8821,8825
8825,8821
8832,8833
8833,8832
8838,8840
8840,8838
8842,8846
8846,8842
8849,8854
8854,8849
8860,8864
8864,8860
8868,8876
8876,8868
8885,8890
8890,8885
8895,8902
8902,8895
8911,8916
8916,8911
8922,8928
8928,8922
8933,8941
8941,8933
8948,8953
8953,8948
8961,8969
8969,8961
8979,8987
8987,8979
8995,9002
9002,8995
9007,9010
9010,9007
9013,9015
9015,9013
9019,9024
9024,9019
9031,9037
9037,9031
9044,9053
9053,9044
9057,9062
9062,9057
9067,9072
9072,9067
9076,9084
9084,9076
9092,9097
9097,9092
9100,9105
9105,9100
9110,9113
9113,9110
9118,9122
9122,9118
9128,9134
9134,9128
9141,9150
9150,9141
9159,9164
9164,9159
9170,9176
9176,9170
9184,9188
9188,9184
9194,9197
9197,9194
9200,9205
9205,9200
9210,9216
9216,9210
9223,9230
9230,9223
9238,9244
9244,9238
9251,9256
9256,9251
9262,9271
9271,9262
9280,9286
9286,9280
9294,9298
9298,9294
9304,9311
9311,9304
9316,9322
9322,9316
9327,9332
9332,9327
9336,9345
9345,9336
9352,9356
9356,9352
9360,9366
9366,9360
9370,9374
9374,9370
9378,9382
9382,9378
9385,9387
9387,9385
9389,9395
9395,9389
9401,9407
9407,9401
9413,9421
9421,9413
9427,9431
9431,9427
9437,9445
9445,9437
9455,9462
9462,9455
9468,9476
9476,9468
9485,9491
9491,9485
9497,9504
9504,9497
9512,9517
9517,9512
9522,9526
9526,9522
9531,9536
9536,9531
9540,9548
9548,9540
9554,9560
9560,9554
9564,9568
9568,9564
9572,9577
9577,9572
9582,9589
9589,9582
9597,9604
9604,9597
9611,9619
9619,9611
9627,9634
9634,9627
9642,9647
9647,9642
9652,9657
9657,9652
9661,9667
9667,9661
9674,9680
9680,9674
9685,9688
9688,9685
9691,9698
9698,9691
9703,9710
9710,9703
9716,9724
9724,9716
9734,9736
9736,9734
9739,9741
9741,9739
9744,9745
9745,9744
9746,9754
9754,9746
9764,9768
9768,9764
9772,9776
9776,9772
9779,9785
9785,9779
9792,9799
9799,9792
9806,9813
9813,9806
9818,9824
9824,9818
9831,9834
9834,9831
9839,9845
9845,9839
9853,9859
9859,9853
9867,9871
9871,9867
9876,9886
9886,9876
9895,9899
9899,9895
9904,9909
9909,9904
9915,9921
9921,9915
9927,9934
9934,9927
9940,9942
9942,9940
9944,9950
9950,9944
9953,9956
9956,9953
9960,9965
9965,9960
9971,9977
9977,9971
9986,9992
9992,9986
9998,10008
10008,9998
10018,10021
10021,10018
10025,10031
10031,10025
10039,10042
10042,10039
10045,10050
10050,10045
10058,10068
10068,10058
10076,10080
10080,10076
10083,10089
10089,10083
10092,10100
10100,10092
10108,10114
10114,10108
10120,10124
10124,10120
10128,10132
10132,10128
10135,10139
10139,10135
10144,10147
10147,10144
10150,10154
10154,10150
10158,10161
10161,10158
10164,10167
10167,10164
10169,10179
10179,10169
10189,10193
10193,10189
10195,10199
10199,10195
10205,10208
10208,10205
10211,10219
10219,10211
10226,10233
10233,10226
10239,10245
10245,10239
10250,10255
10255,10250
10261,10266
10266,10261
10272,10277
10277,10272
10283,10288
10288,10283
10294,10301
10301,10294
10307,10312
10312,10307
10315,10319
10319,10315
10321,10328
10328,10321
10336,10342
10342,10336
10350,10355
10355,10350
10359,10364
10364,10359
10370,10376
10376,10370
10381,10387
10387,10381
10393,10399
10399,10393
10407,10412
10412,10407
10416,10427
10427,10416
10434,10445
10445,10434
10454,10464
10464,10454
10473,10476
10476,10473
10480,10482
10482,10480
10485,10492
10492,10485
10499,10504
10504,10499
10510,10513
10513,10510
10517,10523
10523,10517
10528,10537
10537,10528
10547,10553
10553,10547
10560,10569
10569,10560
10578,10584
10584,10578
10593,10594
10594,10593
10597,10601
10601,10597
10604,10611
10611,10604
10618,10626
10626,10618
10631,10637
10637,10631
10643,10648
10648,10643
10653,10658
10658,10653
10664,10668
10668,10664
10671,10678
10678,10671
10685,10696
10696,10685
10707,10714
10714,10707
10721,10727
10727,10721
10732,10736
10736,10732
10739,10743
10743,10739
10746,10753
10753,10746
10759,10763
10763,10759
10766,10769
10769,10766
10773,10778
10778,10773
10787,10795
10795,10787
10801,10811
10811,10801
10821,10828
10828,10821
10835,10842
10842,10835
10848,10852
10852,10848
10857,10859
10859,10857
10865,10869
10869,10865
10872,10880
10880,10872
10888,10901
10901,10888
10915,10922
10922,10915
10927,10934
10934,10927
10938,10946
10946,10938
10952,10958
10958,10952
10963,10969
10969,10963
10976,10985
10985,10976
10992,10996
10996,10992
11000,11008
11008,11000
11015,11023
11023,11015
11029,11036
11036,11029
11042,11045
11045,11042
11049,11055
11055,11049
11061,11064
11064,11061
11068,11072
11072,11068
11078,11088
11088,11078
11100,11108
11108,11100
11114,11117
11117,11114
11120,11125
11125,11120
11129,11135
11135,11129
11143,11149
11149,11143
11154,11157
11157,11154
11160,11163
11163,11160
11165,11172
11172,11165
11179,11186
11186,11179
11193,11201
11201,11193
11208,11215
11215,11208
11221,11226
11226,11221
11230,11236
11236,11230
11242,11248
11248,11242
11254,11258
11258,11254
11260,11267
11267,11260
11272,11279
11279,11272
11288,11293
11293,11288
11295,11305
11305,11295
11311,11314
11314,11311
11318,11324
11324,11318
11330,11333
11333,11330
11335,11342
11342,11335
11349,11353
11353,11349
11356,11360
11360,11356
11367,11371
11371,11367
11374,11377
11377,11374
11379,11383
11383,11379
11389,11397
11397,11389
11403,11413
11413,11403
11423,11432
11432,11423
11441,11445
11445,11441
11450,11454
11454,11450
11459,11466
11466,11459
11474,11483
11483,11474
11489,11494
11494,11489
11499,11506
11506,11499
11517,11523
11523,11517
11528,11531
11531,11528
11535,11547
11547,11535
11556,11564
11564,11556
11572,11585
11585,11572
11596,11600
11600,11596
11605,11612
11612,11605
11615,11623
11623,11615
11633,11639
11639,11633
11644,11648
11648,11644
11651,11653
11653,11651
11656,11661
11661,11656
11666,11674
11674,11666
11684,11692
11692,11684
11700,11703
11703,11700
11706,11715
11715,11706
11725,11732
11732,11725
11739,11745
11745,11739
11751,11759
11759,11751
11765,11770
11770,11765
11775,11779
11779,11775
11783,11788
11788,11783
11794,11798
11798,11794
11802,11806
11806,11802
11809,11815
11815,11809
11821,11827
11827,11821
11830,11833
11833,11830
11837,11841
11841,11837
11844,11846
11846,11844
11849,11856
11856,11849
11862,11872
11872,11862
11882,11885
11885,11882
11889,11895
11895,11889
11903,11911
11911,11903
11919,11922
11922,11919
11925,11931
11931,11925
11936,11939
11939,11936
11942,11947
11947,11942
11952,11958
11958,11952
11964,11970
11970,11964
11977,11984
11984,11977
11993,11996
11996,11993
11999,12004
12004,11999
12008,12013
12013,12008
12019,12025
12025,12019
12030,12035
12035,12030
12046,12052
12052,12046
12060,12065
12065,12060
12070,12078
12078,12070
12086,12093
12093,12086
12101,12107
12107,12101
12112,12120
12120,12112
12129,12135
12135,12129
12139,12144
12144,12139
12148,12154
12154,12148
12159,12172
12172,12159
12183,12186
12186,12183
12192,12194
12194,12192
12198,12201
12201,12198
12203,12207
12207,12203
12211,12215
12215,12211
12219,12222
12222,12219
12225,12233
12233,12225
12240,12248
12248,12240
12255,12265
12265,12255
12273,12275
12275,12273
12277,12283
12283,12277
12286,12294
12294,12286
12301,12306
12306,12301
12309,12315
12315,12309
12323,12328
12328,12323
12334,12339
12339,12334
12345,12349
12349,12345
12355,12361
12361,12355
12371,12378
12378,12371
12384,12390
12390,12384
12397,12404
12404,12397
12411,12417
12417,12411
12424,12427
12427,12424
12430,12437
12437,12430
12443,12452
12452,12443
12461,12464
12464,12461
12467,12473
12473,12467
12477,12483
12483,12477
12491,12497
12497,12491
12502,12507
12507,12502
12513,12521
12521,12513
12527,12536
12536,12527
12544,12550
12550,12544
12555,12560
12560,12555
12566,12572
12572,12566
12577,12579
12579,12577
12580,12588
12588,12580
12596,12605
12605,12596
12612,12617
12617,12612
12623,12627
12627,12623
12634,12636
12636,12634
12640,12650
12650,12640
12657,12661
12661,12657
12664,12672
12672,12664
12679,12685
12685,12679
12692,12702
12702,12692
12710,12715
12715,12710
12719,12725
12725,12719
12731,12734
12734,12731
12739,12749
12749,12739
12760,12767
12767,12760
12772,12775
12775,12772
12777,12783
12783,12777
12792,12799
12799,12792
12805,12809
12809,12805
12813,12819
12819,12813
12823,12829
12829,12823
12835,12843
12843,12835
12850,12854
12854,12850
12859,12865
12865,12859
12870,12874
12874,12870
12880,12886
12886,12880
12894,12900
12900,12894
12907,12909
12909,12907
12912,12918
12918,12912
12928,12935
12935,12928
12941,12946
12946,12941
12951,12955
12955,12951
12959,12966
12966,12959
12972,12977
12977,12972
12984,12990
12990,12984
12998,13002
13002,12998
13005,13011
13011,13005
13016,13022
13022,13016
13029,13039
13039,13029
13048,13053
13053,13048
13060,13063
13063,13060
13065,13069
13069,13065
13072,13077
13077,13072
13083,13091
13091,13083
13101,13111
13111,13101
13121,13129
13129,13121
13135,13140
13140,13135
13145,13149
13149,13145
13152,13157
13157,13152
13160,13168
13168,13160
13179,13182
13182,13179
13186,13193
13193,13186
13199,13206
13206,13199
13214,13222
13222,13214
13230,13240
13240,13230
13249,13258
13258,13249
13269,13274
13274,13269
13279,13283
13283,13279
13288,13291
13291,13288
13296,13302
13302,13296
13305,13309
13309,13305
13312,13315
13315,13312
13320,13322
13322,13320
13324,13330
13330,13324
13336,13341
13341,13336
13343,13346
13346,13343
13348,13351
13351,13348
13354,13359
13359,13354
13363,13373
13373,13363
13382,13390
13390,13382
13396,13403
13403,13396
13408,13411
13411,13408
13415,13418
13418,13415
13421,13426
13426,13421
13435,13440
13440,13435
13445,13449
13449,13445
13451,13455
13455,13451
13459,13467
13467,13459
13475,13479
13479,13475
13483,13487
13487,13483
13491,13498
13498,13491
13507,13513
13513,13507
13517,13522
13522,13517
13527,13534
13534,13527
13542,13549
13549,13542
13555,13558
13558,13555
13561,13569
13569,13561
13577,13579
13579,13577
13582,13588
13588,13582
13595,13602
13602,13595
13609,13614
13614,13609
13619,13621
13621,13619
13624,13630
13630,13624
13636,13641
13641,13636
13647,13652
13652,13647
13660,13668
13668,13660
13675,13686
13686,13675
13698,13707
13707,13698
13715,13721
13721,13715
13727,13732
13732,13727
13737,13745
13745,13737
13751,13760
13760,13751
13768,13774
13774,13768
13778,13782
13782,13778
13786,13794
13794,13786
13802,13805
13805,13802
13809,13819
13819,13809
13827,13831
13831,13827
13835,13838
13838,13835
13842,13852
13852,13842
13859,13865
13865,13859
13870,13873
13873,13870
13875,13881
13881,13875
13888,13891
13891,13888
13895,13901
13901,13895
13907,13912
13912,13907
13917,13927
13927,13917
13935,13941
13941,13935
13948,13952
13952,13948
13957,13963
13963,13957
13967,13976
13976,13967
13986,13992
13992,13986
13999,14009
14009,13999
14018,14025
14025,14018
14030,14034
14034,14030
14036,14043
14043,14036
14050,14058
14058,14050
14063,14073
14073,14063
14079,14086
14086,14079
14093,14102
14102,14093
14112,14117
14117,14112
14122,14128
14128,14122
14135,14140
14140,14135
14145,14152
14152,14145
14159,14164
14164,14159
14167,14171
14171,14167
14176,14181
14181,14176
14187,14193
14193,14187
14202,14207
14207,14202
14211,14215
14215,14211
14219,14224
14224,14219
14230,14237
14237,14230
14242,14247
14247,14242
14252,14255
14255,14252
14258,14261
14261,14258
14266,14275
14275,14266
14280,14283
14283,14280
14287,14289
14289,14287
14292,14300
14300,14292
14306,14311
14311,14306
14317,14323
14323,14317
14329,14334
14334,14329
14338,14342
14342,14338
14346,14352
14352,14346
14357,14361
14361,14357
14365,14367
14367,14365
14369,14374
14374,14369
14379,14385
14385,14379
14395,14402
14402,14395
14409,14414
14414,14409
14418,14424
14424,14418
14431,14440
14440,14431
14451,14457
14457,14451
14464,14472
14472,14464
14480,14486
14486,14480
14493,14498
14498,14493
14503,14511
14511,14503
14520,14521
14521,14520
14524,14526
14526,14524
14527,14536
14536,14527
14546,14551
14551,14546
14558,14562
14562,14558
14568,14579
14579,14568
14587,14595
14595,14587
14603,14610
14610,14603
14617,14625
14625,14617
14632,14637
14637,14632
14641,14646
14646,14641
14651,14661
14661,14651
14669,14674
14674,14669
14678,14683
14683,14678
14688,14693
14693,14688
14698,14705
14705,14698
14711,14717
14717,14711
14721,14727
14727,14721
14733,14738
14738,14733
14742,14750
14750,14742
14756,14762
14762,14756
14768,14775
14775,14768
14781,14788
14788,14781
14791,14797
14797,14791
14802,14807
14807,14802
14810,14819
14819,14810
14829,14832
14832,14829
14838,14844
14844,14838
14852,14859
14859,14852
14869,14875
14875,14869
14877,14885
14885,14877
14894,14899
14899,14894
14905,14910
14910,14905
14916,14919
14919,14916
14921,14930
14930,14921
14939,14944
14944,14939
14950,14957
14957,14950
14964,14969
14969,14964
14974,14980
14980,14974
14988,14996
14996,14988
15008,15012
15012,15008
15019,15029
15029,15019
15037,15043
15043,15037
15049,15053
15053,15049
15058,15065
15065,15058
15072,15074
15074,15072
15079,15082
15082,15079
15085,15095
15095,15085
15105,15113
15113,15105
15122,15128
15128,15122
15131,15133
15133,15131
15136,15143
15143,15136
15149,15152
15152,15149
15153,15161
15161,15153
15167,15171
15171,15167
15174,15178
15178,15174
15181,15186
15186,15181
15189,15191
15191,15189
15193,15196
15196,15193
15198,15203
15203,15198
15207,15215
15215,15207
15222,15229
15229,15222
15235,15243
15243,15235
15250,15253
15253,15250
15257,15261
15261,15257
15268,15272
15272,15268
15277,15279
15279,15277
15283,15294
15294,15283
15302,15305
15305,15302
15311,15315
15315,15311
15321,15332
15332,15321
15341,15344
15344,15341
15348,15354
15354,15348
15359,15363
15363,15359
15367,15376
15376,15367
15383,15385
15385,15383
15387,15392
15392,15387
15397,15405
15405,15397
15411,15415
15415,15411
15423,15427
15427,15423
15431,15441
15441,15431
15452,15458
15458,15452
15463,15471
15471,15463
15479,15487
15487,15479
15495,15503
15503,15495
15511,15516
15516,15511
15521,15528
15528,15521
15533,15538
15538,15533
15544,15555
15555,15544
15565,15570
15570,15565
15575,15581
15581,15575
15587,15590
15590,15587
15594,15597
15597,15594
15599,15605
15605,15599
15612,15619
15619,15612
15626,15632
15632,15626
15637,15646
15646,15637
15655,15664
15664,15655
15673,15677
15677,15673
15680,15689
15689,15680
15697,15702
15702,15697
15707,15716
15716,15707
15723,15728
15728,15723
15734,15736
15736,15734
15739,15745
15745,15739
15750,15753
15753,15750
15757,15765
15765,15757
15772,15779
15779,15772
15786,15792
15792,15786
15798,15801
15801,15798
15805,15808
15808,15805
15812,15817
15817,15812
15822,15827
15827,15822
15830,15833
15833,15830
15836,15840
15840,15836
15845,15853
15853,15845
15861,15867
15867,15861
15875,15879
15879,15875
15881,15888
15888,15881
15898,15904
15904,15898
15910,15915
15915,15910
15920,15926
15926,15920
15932,15936
15936,15932
15940,15947
15947,15940
15952,15960
15960,15952
15966,15969
15969,15966
15970,15974
15974,15970
15979,15987
15987,15979
15995,16002
16002,15995
16009,16014
16014,16009
16018,16021
16021,16018
16023,16028
16028,16023
16032,16034
16034,16032
16040,16044
16044,16040
16048,16053
16053,16048
16057,16066
16066,16057
16075,16081
16081,16075
16087,16088
16088,16087
16091,16096
16096,16091
16101,16108
16108,16101
16115,16121
16121,16115
16126,16137
16137,16126
16147,16152
16152,16147
16156,16166
16166,16156
16176,16185
16185,16176
16194,16205
16205,16194
16215,16225
16225,16215
16234,16238
16238,16234
16242,16254
16254,16242
16268,16269
16269,16268
16270,16275
16275,16270
16280,16284
16284,16280
16287,16291
16291,16287
16295,16302
16302,16295
16307,16314
16314,16307
16320,16326
16326,16320
16332,16337
16337,16332
16342,16347
16347,16342
16353,16357
16357,16353
16361,16366
16366,16361
16370,16371
16371,16370
16373,16379
16379,16373
16385,16387
16387,16385
16390,16395
16395,16390
16400,16405
16405,16400
16408,16413
16413,16408
16418,16425
16425,16418
16431,16443
16443,16431
16454,16460
16460,16454
16467,16474
16474,16467
16480,16484
16484,16480
16489,16496
16496,16489
16502,16506
16506,16502
16508,16510
16510,16508
16513,16523
16523,16513
16529,16532
16532,16529
16536,16544
16544,16536
16554,16560
16560,16554
16566,16572
16572,16566
16579,16584
16584,16579
16589,16593
16593,16589
16597,16603
16603,16597
16612,16616
16616,16612
16620,16624
16624,16620
16631,16637
16637,16631
16645,16649
16649,16645
16654,16662
16662,16654
16670,16673
16673,16670
16677,16682
16682,16677
16688,16695
16695,16688
16702,16712
16712,16702
16725,16730
16730,16725
16734,16742
16742,16734
16749,16756
16756,16749
16763,16772
16772,16763
16782,16787
16787,16782
16791,16798
16798,16791
16804,16809
16809,16804
16814,16820
16820,16814
16826,16832
16832,16826
16839,16845
16845,16839
16851,16857
16857,16851
16862,16869
16869,16862
16881,16887
16887,16881
16893,16899
16899,16893
16905,16909
16909,16905
16912,16917
16917,16912
16921,16928
16928,16921
16934,16939
16939,16934
16945,16952
16952,16945
16960,16964
16964,16960
16969,16974
16974,16969
16977,16985
16985,16977
16994,16996
16996,16994
16997,17004
17004,16997
17011,17016
17016,17011
17023,17028
17028,17023
17034,17038
17038,17034
17042,17045
17045,17042
17048,17058
17058,17048
17066,17071
17071,17066
17076,17082
17082,17076
17087,17092
17092,17087
17098,17103
17103,17098
17108,17116
17116,17108
17122,17123
17123,17122
17127,17135
17135,17127
17143,17145
17145,17143
17149,17155
17155,17149
17162,17167
17167,17162
17172,17180
17180,17172
17186,17194
17194,17186
17200,17206
17206,17200
17211,17217
17217,17211
17224,17229
17229,17224
17235,17243
17243,17235
17249,17257
17257,17249
17265,17272
17272,17265
17278,17289
17289,17278
17300,17304
17304,17300
17308,17312
17312,17308
17317,17321
17321,17317
17326,17331
17331,17326
17337,17341
17341,17337
17346,17350
17350,17346
17358,17369
17369,17358
17380,17388
17388,17380
17397,17403
17403,17397
17408,17416
17416,17408
17426,17430
17430,17426
17434,17440
17440,17434
17444,17449
17449,17444
17454,17458
17458,17454
17461,17469
17469,17461
17476,17482
17482,17476
17489,17493
17493,17489
17499,17503
17503,17499
17509,17516
17516,17509
17525,17529
17529,17525
17534,17542
17542,17534
17548,17555
17555,17548
17562,17566
17566,17562
17570,17580
17580,17570
17586,17589
17589,17586
17591,17595
17595,17591
17598,17604
17604,17598
17609,17613
17613,17609
17615,17619
17619,17615
17623,17627
17627,17623
17630,17637
17637,17630
17644,17646
17646,17644
17648,17652
17652,17648
17658,17663
17663,17658
17667,17671
17671,17667
17675,17679
17679,17675
17683,17691
17691,17683
17697,17701
17701,17697
17704,17711
17711,17704
17716,17720
17720,17716
17723,17726
17726,17723
17729,17733
17733,17729
17739,17743
17743,17739
17747,17751
17751,17747
17756,17764
17764,17756
17775,17781
17781,17775
17788,17796
17796,17788
17800,17808
17808,17800
17817,17824
17824,17817
17831,17836
17836,17831
17841,17844
17844,17841
17853,17860
17860,17853
17865,17871
17871,17865
17877,17884
17884,17877
17891,17894
17894,17891
17897,17903
17903,17897
17909,17913
17913,17909
17917,17921
17921,17917
17927,17933
17933,17927
17939,17944
17944,17939
17950,17955
17955,17950
17960,17972
17972,17960
17979,17985
17985,17979
17993,17996
17996,17993
18000,18006
18006,18000
18009,18017
18017,18009
18026,18029
18029,18026
18032,18039
18039,18032
18047,18053
18053,18047
18060,18062
18062,18060
18063,18066
18066,18063
18069,18074
18074,18069
18080,18087
18087,18080
18093,18098
18098,18093
18102,18108
18108,18102
18113,18120
18120,18113
18126,18134
18134,18126
18144,18149
18149,18144
18154,18160
18160,18154
18165,18175
18175,18165
18183,18186
18186,18183
18188,18195
18195,18188
18202,18212
18212,18202
18223,18227
18227,18223
18228,18233
18233,18228
18237,18240
18240,18237
18243,18248
18248,18243
18253,18260
18260,18253
18266,18273
18273,18266
18282,18288
18288,18282
18295,18301
18301,18295
18308,18313
18313,18308
18319,18327
18327,18319
18332,18336
18336,18332
18341,18344
18344,18341
18346,18354
18354,18346
18361,18367
18367,18361
18374,18383
18383,18374
18393,18403
18403,18393
18413,18417
18417,18413
18421,18426
18426,18421
18432,18437
18437,18432
18443,18451
18451,18443
18456,18460
18460,18456
18464,18472
18472,18464
18479,18484
18484,18479
18489,18496
18496,18489
18501,18508
18508,18501
18515,18520
18520,18515
18527,18531
18531,18527
18535,18542
18542,18535
18549,18553
18553,18549
18560,18562
18562,18560
18566,18570
18570,18566
18574,18578
18578,18574
18583,18589
18589,18583
18595,18605
18605,18595
18617,18625
18625,18617
18631,18638
18638,18631
18645,18651
18651,18645
18657,18660
18660,18657
18662,18667
18667,18662
18671,18673
18673,18671
18676,18681
18681,18676
18687,18692
18692,18687
18695,18703
18703,18695
18712,18714
18714,18712
18716,18721
18721,18716
18727,18733
18733,18727
18739,18747
18747,18739
18756,18761
18761,18756
18767,18771
18771,18767
18777,18782
18782,18777
18786,18791
18791,18786
18797,18804
18804,18797
18811,18817
18817,18811
18827,18833
18833,18827
18839,18843
18843,18839
18847,18854
18854,18847
18859,18864
18864,18859
18867,18878
18878,18867
18887,18894
18894,18887
18902,18908
18908,18902
18912,18914
18914,18912
18918,18923
18923,18918
18928,18934
18934,18928
18940,18945
18945,18940
18951,18959
18959,18951
18968,18972
18972,18968
18976,18980
18980,18976
18984,18992
18992,18984
19001,19008
19008,19001
19016,19020
19020,19016
19024,19032
19032,19024
19038,19044
19044,19038
19050,19057
19057,19050
19064,19067
19067,19064
19071,19077
19077,19071
19081,19087
19087,19081
19095,19104
19104,19095
19111,19119
19119,19111
19127,19131
19131,19127
19136,19142
19142,19136
19150,19151
19151,19150
19155,19162
19162,19155
19170,19179
19179,19170
19189,19195
19195,19189
19201,19208
19208,19201
19212,19222
19222,19212
19231,19239
19239,19231
19249,19254
19254,19249
19259,19264
19264,19259
19270,19279
19279,19270
19288,19294
19294,19288
19301,19305
19305,19301
19310,19314
19314,19310
19319,19323
19323,19319
19327,19336
19336,19327
19345,19353
19353,19345
19360,19364
19364,19360
19368,19373
19373,19368
19379,19383
19383,19379
19387,19392
19392,19387
19396,19406
19406,19396
19414,19423
19423,19414
19431,19434
19434,19431
19440,19447
19447,19440
19454,19460
19460,19454
19466,19475
19475,19466
19482,19488
19488,19482
19495,19501
19501,19495
19507,19511
19511,19507
19514,19520
19520,19514
19526,19528
19528,19526
19530,19536
19536,19530
19541,19548
19548,19541
19553,19560
19560,19553
19567,19574
19574,19567
19579,19581
19581,19579
19584,19596
19596,19584
19606,19613
19613,19606
19620,19628
19628,19620
19638,19642
19642,19638
19646,19650
19650,19646
19655,19661
19661,19655
19671,19678
19678,19671
19686,19689
19689,19686
19692,19698
19698,19692
19705,19710
19710,19705
19715,19725
19725,19715
19732,19736
19736,19732
19739,19743
19743,19739
19748,19755
19755,19748
19764,19769
19769,19764
19774,19781
19781,19774
19787,19794
19794,19787
19799,19802
19802,19799
19805,19808
19808,19805
19811,19814
19814,19811
19817,19824
19824,19817
19832,19837
19837,19832
19841,19848
19848,19841
19855,19861
19861,19855
19867,19872
19872,19867
19878,19880
19880,19878
19884,19886
19886,19884
19889,19897
19897,19889
19903,19910
19910,19903
19917,19921
19921,19917
19927,19929
19929,19927
19931,19939
19939,19931
19945,19951
19951,19945
19957,19959
19959,19957
19965,19971
19971,19965
19976,19979
19979,19976
19983,19993
19993,19983
20002,20008
20008,20002
20014,20015
20015,20014
20016,20019
20019,20016
20023,20027
20027,20023
20032,20038
20038,20032
20044,20047
20047,20044
20051,20057
20057,20051
20063,20071
20071,20063
20078,20081
20081,20078
20087,20095
20095,20087
20103,20110
20110,20103
20119,20126
20126,20119
20133,20135
20135,20133
20137,20140
20140,20137
20146,20150
20150,20146
20155,20157
20157,20155
20159,20167
20167,20159
20175,20178
20178,20175
20181,20190
20190,20181
20195,20203
20203,20195
20209,20212
20212,20209
20216,20218
20218,20216
20223,20228
20228,20223
20231,20237
20237,20231
20243,20247
20247,20243
20252,20257
20257,20252
20261,20265
20265,20261
20272,20277
20277,20272
20281,20286
20286,20281
20291,20298
20298,20291
20304,20311
20311,20304
20319,20323
20323,20319
20327,20335
20335,20327
20343,20350
20350,20343
20357,20364
20364,20357
20373,20377
20377,20373
20379,20384
20384,20379
20388,20391
20391,20388
20395,20403
20403,20395
20411,20415
20415,20411
20419,20424
20424,20419
20428,20432
20432,20428
20437,20441
20441,20437
20447,20453
20453,20447
20457,20460
20460,20457
20464,20474
20474,20464
20483,20489
20489,20483
20493,20500
20500,20493
20507,20509
20509,20507
20512,20520
20520,20512
20527,20531
20531,20527
20534,20542
20542,20534
20548,20556
20556,20548
20563,20569
20569,20563
20573,20575
20575,20573
20578,20585
20585,20578
20591,20596
20596,20591
20600,20603
20603,20600
20606,20611
20611,20606
20616,20621
20621,20616
20626,20632
20632,20626
20637,20650
20650,20637
20662,20667
20667,20662
20671,20678
20678,20671
20683,20689
20689,20683
20694,20702
20702,20694
20711,20719
20719,20711
20727,20734
20734,20727
20739,20745
20745,20739
20749,20758
20758,20749
20766,20775
20775,20766
20783,20790
20790,20783
20797,20805
20805,20797
20815,20820
20820,20815
20826,20832
20832,20826
20838,20845
20845,20838
20851,20858
20858,20851
20866,20871
20871,20866
20873,20878
20878,20873
20886,20890
20890,20886
20896,20903
20903,20896
20910,20916
20916,20910
20922,20926
20926,20922
20929,20931
20931,20929
20935,20939
20939,20935
20943,20949
20949,20943
20954,20961
20961,20954
20969,20975
20975,20969
20983,20991
20991,20983
20999,21007
21007,20999
21014,21021
21021,21014
21025,21032
21032,21025
21039,21045
21045,21039
21050,21058
21058,21050
21066,21071
21071,21066
21077,21082
21082,21077
21087,21091
21091,21087
21096,21101
21101,21096
21106,21110
21110,21106
21113,21118
21118,21113
21123,21128
21128,21123
21132,21138
21138,21132
21145,21154
21154,21145
21163,21164
21164,21163
21166,21172
21172,21166
21180,21187
21187,21180
21194,21199
21199,21194
21205,21211
21211,21205
21217,21222
21222,21217
21228,21233
21233,21228
21237,21242
21242,21237
21248,21251
21251,21248
21254,21260
21260,21254
21267,21272
21272,21267
21278,21284
21284,21278
21288,21293
21293,21288
21300,21307
21307,21300
21314,21319
21319,21314
21323,21326
21326,21323
21330,21336
21336,21330
21343,21348
21348,21343
21352,21360
21360,21352
21369,21371
21371,21369
21375,21381
21381,21375
21387,21389
21389,21387
21391,21397
21397,21391
21405,21412
21412,21405
21419,21423
21423,21419
21427,21433
21433,21427
21439,21446
21446,21439
21453,21460
21460,21453
21470,21478
21478,21470
21485,21491
21491,21485
21497,21499
21499,21497
21503,21508
21508,21503
21515,21526
21526,21515
21535,21545
21545,21535
21557,21563
21563,21557
21568,21576
21576,21568
21582,21588
21588,21582
21595,21602
21602,21595
21609,21610
21610,21609
21612,21621
21621,21612
21630,21635
21635,21630
21640,21644
21644,21640
21648,21650
21650,21648
21653,21657
21657,21653
21660,21666
21666,21660
21672,21676
21676,21672
21682,21687
21687,21682
21691,21695
21695,21691
21699,21706
21706,21699
21714,21720
21720,21714
21726,21733
21733,21726
21739,21741
21741,21739
21744,21747
21747,21744
21749,21755
21755,21749
21761,21764
21764,21761
21766,21772
21772,21766
21780,21784
21784,21780
21787,21797
21797,21787
21802,21809
21809,21802
21816,21826
21826,21816
21836,21841
21841,21836
21845,21850
21850,21845
21856,21861
21861,21856
21866,21870
21870,21866
21873,21880
21880,21873
21886,21888
21888,21886
21892,21896
21896,21892
21901,21906
21906,21901
21911,21914
21914,21911
21917,21920
21920,21917
21926,21931
21931,21926
21936,21942
21942,21936
21947,21953
21953,21947
21960,21969
21969,21960
21976,21980
21980,21976
21983,21987
21987,21983
21989,21994
21994,21989
21997,22004
22004,21997
22010,22018
22018,22010
22026,22030
22030,22026
22035,22041
22041,22035
22046,22053
22053,22046
22062,22067
22067,22062
22071,22074
22074,22071
22080,22083
22083,22080
22086,22095
22095,22086
22104,22109
22109,22104
22114,22119
22119,22114
22124,22128
22128,22124
22133,22136
22136,22133
22141,22147
22147,22141
22151,22156
22156,22151
22160,22162
22162,22160
22164,22169
22169,22164
22174,22180
22180,22174
22188,22193
22193,22188
22195,22203
22203,22195
22211,22215
22215,22211
22218,22222
22222,22218
22227,22232
22232,22227
22237,22239
22239,22237
22242,22246
22246,22242
22252,22255
22255,22252
22257,22263
22263,22257
22269,22276
22276,22269
22284,22291
22291,22284
22298,22301
22301,22298
22306,22310
22310,22306
22315,22326
22326,22315
22338,22340
22340,22338
22342,22348
22348,22342
22354,22362
22362,22354
22372,22374
22374,22372
22377,22381
22381,22377
22384,22390
22390,22384
22397,22408
22408,22397
22418,22423
22423,22418
22428,22436
22436,22428
22442,22446
22446,22442
22450,22456
22456,22450
22462,22467
22467,22462
22470,22475
22475,22470
22481,22484
22484,22481
22487,22491
22491,22487
22496,22499
22499,22496
22503,22507
22507,22503
22512,22516
22516,22512
22520,22526
22526,22520
22530,22535
22535,22530
22539,22543
22543,22539
22548,22552
22552,22548
22556,22566
22566,22556
22575,22585
22585,22575
22594,22602
22602,22594
22607,22615
22615,22607
22623,22626
22626,22623
22629,22637
22637,22629
22645,22647
22647,22645
22650,22660
22660,22650
22669,22674
22674,22669
22679,22685
22685,22679
22692,22696
22696,22692
22701,22703
22703,22701
22704,22713
22713,22704
22720,22724
22724,22720
22726,22730
22730,22726
22735,22741
22741,22735
22746,22753
22753,22746
22759,22763
22763,22759
22766,22771
22771,22766
22776,22780
22780,22776
22783,22789
22789,22783
22794,22803
22803,22794
22811,22819
22819,22811
22829,22835
22835,22829
22840,22844
22844,22840
22849,22852
22852,22849
22854,22861
22861,22854
22870,22879
22879,22870
22888,22895
22895,22888
22903,22909
22909,22903
22915,22917
22917,22915
22920,22923
22923,22920
22926,22929
22929,22926
22933,22935
22935,22933
22937,22942
22942,22937
22949,22959
22959,22949
22969,22974
22974,22969
22979,22987
22987,22979
22994,22999
22999,22994
23004,23010
23010,23004
23018,23024
23024,23018
23030,23036
23036,23030
23044,23046
23046,23044
23049,23054
23054,23049
23059,23065
23065,23059
23071,23075
23075,23071
23079,23084
23084,23079
23092,23094
23094,23092
23096,23099
23099,23096
23102,23105
23105,23102
23107,23118
23118,23107
23128,23135
23135,23128
23141,23147
23147,23141
23151,23154
23154,23151
23159,23168
23168,23159
23176,23180
23180,23176
23184,23192
23192,23184
23202,23208
23208,23202
23213,23217
23217,23213
23222,23224
23224,23222
23227,23233
23233,23227
23239,23242
23242,23239
23246,23255
23255,23246
23265,23270
23270,23265
23276,23278
23278,23276
23282,23291
23291,23282
23299,23304
23304,23299
23309,23310
23310,23309
23312,23319
23319,23312
23325,23330
23330,23325
23334,23341
23341,23334
23347,23351
23351,23347
23355,23360
23360,23355
23366,23373
23373,23366
23380,23385
23385,23380
23391,23401
23401,23391
23411,23415
23415,23411
23421,23424
23424,23421
23428,23436
23436,23428
23444,23455
23455,23444
23466,23474
23474,23466
23482,23486
23486,23482
23491,23495
23495,23491
23496,23506
23506,23496
23516,23526
23526,23516
23536,23539
23539,23536
23541,23548
23548,23541
23554,23556
23556,23554
23559,23562
23562,23559
23565,23572
23572,23565
23577,23584
23584,23577
23590,23594
23594,23590
23601,23607
23607,23601
23612,23616
23616,23612
23622,23625
23625,23622
23629,23634
23634,23629
23641,23646
23646,23641
23651,23655
23655,23651
23661,23665
23665,23661
23670,23678
23678,23670
23686,23690
23690,23686
23693,23702
23702,23693
23709,23713
23713,23709
23716,23722
23722,23716
23724,23729
23729,23724
23735,23744
23744,23735
23756,23764
23764,23756
23770,23775
23775,23770
23781,23789
23789,23781
23798,23809
23809,23798
23819,23825
23825,23819
23831,23839
23839,23831
23847,23855
23855,23847
23864,23872
23872,23864
23878,23885
23885,23878
23893,23896
23896,23893
23900,23905
23905,23900
23912,23915
23915,23912
23917,23921
23921,23917
23924,23930
23930,23924
23934,23942
23942,23934
23948,23953
23953,23948
23957,23960
23960,23957
23964,23970
23970,23964
23976,23978
23978,23976
23980,23984
23984,23980
23989,23991
23991,23989
23993,24000
24000,23993
24005,24012
24012,24005
24021,24030
24030,24021
24040,24051
24051,24040
24062,24067
24067,24062
24075,24085
24085,24075
24096,24101
24101,24096
24107,24111
24111,24107
24114,24122
24122,24114
24131,24135
24135,24131
24139,24145
24145,24139
24149,24153
24153,24149
24159,24166
24166,24159
24171,24180
24180,24171
24189,24195
24195,24189
24203,24208
24208,24203
24214,24222
24222,24214
24230,24234
24234,24230
24237,24245
24245,24237
24251,24255
24255,24251
24258,24266
24266,24258
24274,24281
24281,24274
24286,24293
24293,24286
24297,24301
24301,24297
24305,24311
24311,24305
24315,24324
24324,24315
24336,24341
24341,24336
24346,24350
24350,24346
24356,24357
24357,24356
24361,24365
24365,24361
24372,24375
24375,24372
24380,24386
24386,24380
24394,24402
24402,24394
24411,24420
24420,24411
24429,24437
24437,24429
24445,24452
24452,24445
24459,24462
24462,24459
24465,24471
24471,24465
24477,24483
24483,24477
24488,24492
24492,24488
24498,24502
24502,24498
24506,24509
24509,24506
24514,24521
24521,24514
24527,24533
24533,24527
24538,24546
24546,24538
24551,24554
24554,24551
24557,24562
24562,24557
24567,24576
24576,24567
24584,24593
24593,24584
24602,24608
24608,24602
24614,24618
24618,24614
24624,24631
24631,24624
24640,24643
24643,24640
24647,24655
24655,24647
24663,24667
24667,24663
24671,24683
24683,24671
24695,24697
24697,24695
24700,24702
24702,24700
24704,24709
24709,24704
24713,24719
24719,24713
24728,24736
24736,24728
24744,24750
24750,24744
24759,24764
24764,24759
24771,24781
24781,24771
24789,24792
24792,24789
24797,24801
24801,24797
24805,24810
24810,24805
24817,24826
24826,24817
24834,24838
24838,24834
24841,24848
24848,24841
24854,24858
24858,24854
24863,24869
24869,24863
24874,24881
24881,24874
24891,24894
24894,24891
24897,24903
24903,24897
24911,24916
24916,24911
24921,24928
24928,24921
24936,24944
24944,24936
24950,24959
24959,24950
24969,24971
24971,24969
24973,24975
24975,24973
24978,24982
24982,24978
24986,24992
24992,24986
24996,25002
25002,24996
25007,25010
25010,25007
25014,25019
25019,25014
25025,25032
25032,25025
25038,25050
25050,25038
25059,25065
25065,25059
25070,25074
25074,25070
25078,25083
25083,25078
25086,25090
25090,25086
25093,25101
25101,25093
25111,25116
25116,25111
25120,25125
25125,25120
25128,25131
25131,25128
25139,25143
25143,25139
25148,25153
25153,25148
25161,25168
25168,25161
25175,25185
25185,25175
25194,25199
25199,25194
25204,25210
25210,25204
25219,25224
25224,25219
25227,25235
25235,25227
25243,25249
25249,25243
25255,25261
25261,25255
25267,25272
25272,25267
25279,25284
25284,25279
25290,25296
25296,25290
25300,25304
25304,25300
25310,25315
25315,25310
25319,25323
25323,25319
25329,25338
25338,25329
25344,25352
25352,25344
25361,25368
25368,25361
25373,25378
25378,25373
25382,25387
25387,25382
25392,25399
25399,25392
25407,25414
25414,25407
25418,25426
25426,25418
25433,25440
25440,25433
25445,25447
25447,25445
25451,25458
25458,25451
25465,25474
25474,25465
25482,25485
25485,25482
25491,25502
25502,25491
25513,25517
25517,25513
25520,25524
25524,25520
25529,25535
25535,25529
25542,25546
25546,25542
25550,25554
25554,25550
25557,25560
25560,25557
25564,25567
25567,25564
25570,25578
25578,25570
25586,25591
25591,25586
25596,25603
25603,25596
25609,25615
25615,25609
25620,25622
25622,25620
25625,25633
25633,25625
25641,25651
25651,25641
25661,25666
25666,25661
25670,25673
25673,25670
25676,25679
25679,25676
25683,25685
25685,25683
25688,25693
25693,25688
25698,25706
25706,25698
25713,25720
25720,25713
25728,25735
25735,25728
25745,25755
25755,25745
25763,25766
25766,25763
25769,25773
25773,25769
25779,25785
25785,25779
25794,25803
25803,25794
25811,25818
25818,25811
25825,25828
25828,25825
25832,25836
25836,25832
25840,25848
25848,25840
25856,25864
25864,25856
25875,25878
25878,25875
25880,25891
25891,25880
25902,25906
25906,25902
25908,25910
25910,25908
25911,25917
25917,25911
25925,25933
25933,25925
25939,25941
25941,25939
25944,25951
25951,25944
25956,25966
25966,25956
25975,25980
25980,25975
25985,25990
25990,25985
25997,26003
26003,25997
26008,26017
26017,26008
26026,26031
26031,26026
26037,26041
26041,26037
26049,26053
26053,26049
26057,26064
26064,26057
26069,26079
26079,26069
26089,26090
26090,26089
26092,26103
26103,26092
26112,26119
26119,26112
26125,26131
26131,26125
26135,26147
26147,26135
26158,26165
26165,26158
26170,26176
26176,26170
26182,26187
26187,26182
26193,26200
26200,26193
26208,26212
26212,26208
26216,26220
26220,26216
26225,26229
26229,26225
26235,26238
26238,26235
26242,26255
26255,26242
26268,26274
26274,26268
26280,26283
26283,26280
26286,26291
26291,26286
26297,26302
26302,26297
26307,26312
26312,26307
26316,26319
26319,26316
26326,26332
26332,26326
26339,26343
26343,26339
26351,26356
26356,26351
26358,26362
26362,26358
26368,26373
26373,26368
26377,26386
26386,26377
26395,26406
26406,26395
26416,26419
26419,26416
26421,26428
26428,26421
26433,26437
26437,26433
26442,26448
26448,26442
26455,26463
26463,26455
26468,26476
26476,26468
26482,26488
26488,26482
26493,26503
26503,26493
26512,26517
26517,26512
26522,26528
26528,26522
26533,26541
26541,26533
26547,26550
26550,26547
26553,26561
26561,26553
26569,26574
26574,26569
26579,26588
26588,26579
26597,26603
26603,26597
26609,26612
26612,26609
26616,26622
26622,26616
26629,26634
26634,26629
26637,26644
26644,26637
26652,26662
26662,26652
26669,26673
26673,26669
26677,26683
26683,26677
26692,26695
26695,26692
26700,26707
26707,26700
26711,26712
26712,26711
26715,26721
26721,26715
26726,26733
26733,26726
26740,26745
26745,26740
26749,26757
26757,26749
26762,26768
26768,26762
26775,26776
26776,26775
26778,26783
26783,26778
26787,26792
26792,26787
26799,26808
26808,26799
26814,26822
26822,26814
26832,26839
26839,26832
26845,26851
26851,26845
26857,26862
26862,26857
26867,26870
26870,26867
26872,26878
26878,26872
26885,26893
26893,26885
26900,26906
26906,26900
26913,26918
26918,26913
26924,26927
26927,26924
26932,26939
26939,26932
26947,26952
26952,26947
26956,26962
26962,26956
26968,26976
26976,26968
26985,26993
26993,26985
27000,27005
27005,27000
27008,27011
27011,27008
27015,27023
27023,27015
27031,27037
27037,27031
27043,27048
27048,27043
27053,27057
27057,27053
27061,27063
27063,27061
27068,27074
27074,27068
27078,27082
27082,27078
27086,27098
27098,27086
27108,27116
27116,27108
27124,27128
27128,27124
27134,27140
27140,27134
27145,27149
27149,27145
27151,27155
27155,27151
27160,27165
27165,27160
27169,27173
27173,27169
27177,27181
27181,27177
27184,27192
27192,27184
27199,27201
27201,27199
27204,27211
27211,27204
27219,27223
27223,27219
27227,27236
27236,27227
27240,27247
27247,27240
27254,27257
27257,27254
27260,27264
27264,27260
27269,27276
27276,27269
27283,27289
27289,27283
27292,27296
27296,27292
27303,27310
27310,27303
27317,27327
27327,27317
27336,27341
27341,27336
27347,27353
27353,27347
27362,27368
27368,27362
27377,27383
27383,27377
27389,27393
27393,27389
27397,27403
27403,27397
27411,27415
27415,27411
27421,27433
27433,27421
27442,27447
27447,27442
27457,27463
27463,27457
27471,27476
27476,27471
27482,27491
27491,27482
27499,27507
27507,27499
27515,27521
27521,27515
27525,27533
27533,27525
27542,27547
27547,27542
27553,27555
27555,27553
27558,27567
27567,27558
27576,27584
27584,27576
27594,27602
27602,27594
27611,27618
27618,27611
27626,27633
27633,27626
27641,27647
27647,27641
27653,27661
27661,27653
27670,27675
27675,27670
27682,27690
27690,27682
27699,27705
27705,27699
27711,27715
27715,27711
27719,27725
27725,27719
27731,27736
27736,27731
27742,27751
27751,27742
27761,27766
27766,27761
27770,27773
27773,27770
27777,27781
27781,27777
27785,27793
27793,27785
27800,27806
27806,27800
27814,27822
27822,27814
27829,27833
27833,27829
27837,27838
27838,27837
27841,27849
27849,27841
27857,27859
27859,27857
27861,27864
27864,27861
27867,27876
27876,27867
27886,27893
27893,27886
27900,27904
27904,27900
27908,27918
27918,27908
27931,27936
27936,27931
27940,27943
27943,27940
27947,27951
27951,27947
27955,27961
27961,27955
27967,27979
27979,27967
27988,27991
27991,27988
27994,27998
27998,27994
28002,28005
28005,28002
28009,28020
28020,28009
28031,28035
28035,28031
28041,28047
28047,28041
28051,28056
28056,28051
28062,28068
28068,28062
28073,28076
28076,28073
28083,28087
28087,28083
28092,28099
28099,28092
28106,28113
28113,28106
28118,28126
28126,28118
28133,28135
28135,28133
28138,28141
28141,28138
28145,28148
28148,28145
28151,28155
28155,28151
28160,28169
28169,28160
28175,28185
28185,28175
28191,28196
28196,28191
28202,28207
28207,28202
28212,28215
28215,28212
28218,28230
28230,28218
28242,28246
28246,28242
28250,28256
28256,28250
28261,28268
28268,28261
28275,28281
28281,28275
28284,28288
28288,28284
28293,28298
28298,28293
28301,28305
28305,28301
28309,28314
28314,28309
28321,28326
28326,28321
28330,28336
28336,28330
28342,28346
28346,28342
28349,28356
28356,28349
28363,28368
28368,28363
28372,28379
28379,28372
28385,28388
28388,28385
28392,28397
28397,28392
28403,28412
28412,28403
28420,28427
28427,28420
28433,28439
28439,28433
28443,28450
28450,28443
28457,28462
28462,28457
28471,28480
28480,28471
28486,28492
28492,28486
28500,28507
28507,28500
28514,28522
28522,28514
28533,28538
28538,28533
28542,28547
28547,28542
28552,28555
28555,28552
28559,28565
28565,28559
28571,28580
28580,28571
28589,28593
28593,28589
28597,28608
28608,28597
28619,28626
28626,28619
28633,28635
28635,28633
28641,28644
28644,28641
28647,28652
28652,28647
28656,28662
28662,28656
28668,28674
28674,28668
28678,28681
28681,28678
28686,28690
28690,28686
28695,28704
28704,28695
28711,28715
28715,28711
28720,28725
28725,28720
28732,28739
28739,28732
28748,28752
28752,28748
28756,28759
28759,28756
28764,28770
28770,28764
28778,28785
28785,28778
28791,28797
28797,28791
28804,28809
28809,28804
28814,28822
28822,28814
28828,28836
28836,28828
28841,28849
28849,28841
28856,28860
28860,28856
28863,28867
28867,28863
28871,28876
28876,28871
28880,28891
28891,28880
28898,28904
28904,28898
28912,28915
28915,28912
28917,28918
28918,28917
28920,28929
28929,28920
28938,28944
28944,28938
28948,28957
28957,28948
28964,28967
28967,28964
28974,28980
28980,28974
28988,28991
28991,28988
28994,29004
29004,28994
29013,29018
29018,29013
29024,29028
29028,29024
29031,29037
29037,29031
29041,29047
29047,29041
29052,29060
29060,29052
29069,29074
29074,29069
29079,29085
29085,29079
29091,29102
29102,29091
29112,29116
29116,29112
29120,29123
29123,29120
29128,29133
29133,29128
29138,29141
29141,29138
29148,29152
29152,29148
29157,29163
29163,29157
29169,29181
29181,29169
29191,29198
29198,29191
29203,29208
29208,29203
29214,29223
29223,29214
29231,29236
29236,29231
29242,29247
29247,29242
29252,29262
29262,29252
29273,29278
29278,29273
29282,29288
29288,29282
29296,29301
29301,29296
29306,29310
29310,29306
29315,29324
29324,29315
29332,29335
29335,29332
29339,29345
29345,29339
29354,29357
29357,29354
29364,29371
29371,29364
29379,29386
29386,29379
29392,29398
29398,29392
29402,29409
29409,29402
29416,29420
29420,29416
29423,29430
29430,29423
29437,29445
29445,29437
29453,29459
29459,29453
29467,29470
29470,29467
29472,29481
29481,29472
29490,29496
29496,29490
29502,29507
29507,29502
29514,29522
29522,29514
29531,29537
29537,29531
29542,29547
29547,29542
29551,29557
29557,29551
29560,29561
29561,29560
29563,29565
29565,29563
29567,29576
29576,29567
29585,29587
29587,29585
29591,29596
29596,29591
29602,29608
29608,29602
29612,29618
29618,29612
29623,29628
29628,29623
29633,29638
29638,29633
29642,29645
29645,29642
29649,29656
29656,29649
29663,29666
29666,29663
29668,29674
29674,29668
29680,29688
29688,29680
29694,29701
29701,29694
29708,29716
29716,29708
29724,29737
29737,29724
29747,29753
29753,29747
29759,29766
29766,29759
29772,29782
29782,29772
29791,29796
29796,29791
29802,29809
29809,29802
29817,29820
29820,29817
29824,29829
29829,29824
29833,29843
29843,29833
29850,29859
29859,29850
29868,29877
29877,29868
29886,29891
29891,29886
29898,29902
29902,29898
29906,29915
29915,29906
29918,29925
29925,29918
29931,29938
29938,29931
29947,29956
29956,29947
29965,29970
29970,29965
29975,29980
29980,29975
29986,29992
29992,29986
29998,30002
30002,29998
30006,30015
30015,30006
30025,30028
30028,30025
30031,30040
30040,30031
30046,30053
30053,30046
30061,30064
30064,30061
30066,30070
30070,30066
30075,30082
30082,30075
30089,30093
30093,30089
30096,30100
30100,30096
30105,30111
30111,30105
30117,30120
30120,30117
30123,30131
30131,30123
30139,30149
30149,30139
30157,30162
30162,30157
30167,30169
30169,30167
30173,30178
30178,30173
30183,30186
30186,30183
30190,30196
30196,30190
30201,30204
30204,30201
30209,30212
30212,30209
30214,30219
30219,30214
30223,30224
30224,30223
30225,30231
30231,30225
30239,30246
30246,30239
30253,30261
30261,30253
30270,30276
30276,30270
30281,30287
30287,30281
30294,30298
30298,30294
30300,30305
30305,30300
30310,30317
30317,30310
30322,30327
30327,30322
30336,30340
30340,30336
30344,30349
30349,30344
30355,30364
30364,30355
30374,30382
30382,30374
30389,30395
30395,30389
30401,30402
30402,30401
30405,30412
30412,30405
30418,30422
30422,30418
30426,30432
30432,30426
30436,30439
30439,30436
30443,30447
30447,30443
30453,30456
30456,30453
30459,30466
30466,30459
30474,30479
30479,30474
30485,30498
30498,30485
30510,30515
30515,30510
30519,30524
30524,30519
30528,30533
30533,30528
30537,30540
30540,30537
30541,30548
30548,30541
30554,30560
30560,30554
30565,30575
30575,30565
30584,30587
30587,30584
30592,30599
30599,30592
30605,30609
30609,30605
30613,30618
30618,30613
30626,30632
30632,30626
30638,30641
30641,30638
30645,30651
30651,30645
30659,30662
30662,30659
30664,30671
30671,30664
30678,30684
30684,30678
30691,30699
30699,30691
30706,30709
30709,30706
30712,30715
30715,30712
30718,30721
30721,30718
30726,30731
30731,30726
30736,30738
30738,30736
30740,30745
30745,30740
30752,30760
30760,30752
30769,30775
30775,30769
30782,30788
30788,30782
30791,30794
30794,30791
30798,30804
30804,30798
30810,30815
30815,30810
30820,30828
30828,30820
30838,30844
30844,30838
30849,30853
30853,30849
30859,30862
30862,30859
30866,30868
30868,30866
30872,30880
30880,30872
30887,30890
30890,30887
30895,30903
30903,30895
30910,30918
30918,30910
30926,30935
30935,30926
30944,30947
30947,30944
30950,30959
30959,30950
30965,30972
30972,30965
30980,30984
30984,30980
30988,30995
30995,30988
31002,31005
31005,31002
31010,31015
31015,31010
31021,31026
31026,31021
31031,31036
31036,31031
31040,31047
31047,31040
31053,31059
31059,31053
31065,31075
31075,31065
31084,31089
31089,31084
31095,31102
31102,31095
31109,31114
31114,31109
31119,31123
31123,31119
31127,31135
31135,31127
31145,31152
31152,31145
31159,31164
31164,31159
31169,31172
31172,31169
31177,31181
31181,31177
31185,31194
31194,31185
31201,31207
31207,31201
31213,31218
31218,31213
31226,31232
31232,31226
31238,31244
31244,31238
31249,31256
31256,31249
31258,31264
31264,31258
31270,31274
31274,31270
31276,31280
31280,31276
31284,31292
31292,31284
31297,31306
31306,31297
31315,31325
31325,31315
31330,31336
31336,31330
31341,31349
31349,31341
31354,31359
31359,31354
31363,31369
31369,31363
31374,31381
31381,31374
31386,31390
31390,31386
31396,31403
31403,31396
31411,31421
31421,31411
31430,31437
31437,31430
31444,31448
31448,31444
31453,31459
31459,31453
31464,31470
31470,31464
31476,31485
31485,31476
31495,31498
31498,31495
31500,31506
31506,31500
31511,31515
31515,31511
31519,31523
31523,31519
31526,31534
31534,31526
31538,31546
31546,31538
31555,31560
31560,31555
31564,31569
31569,31564
31573,31578
31578,31573
31583,31586
31586,31583
31590,31600
31600,31590
31609,31610
31610,31609
31613,31618
31618,31613
31624,31627
31627,31624
31632,31636
31636,31632
31640,31645
31645,31640
31651,31661
31661,31651
31668,31673
31673,31668
31677,31681
31681,31677
31686,31688
31688,31686
31691,31696
31696,31691
31704,31709
31709,31704
31714,31719
31719,31714
31723,31731
31731,31723
31738,31740
31740,31738
31743,31748
31748,31743
31753,31756
31756,31753
31760,31767
31767,31760
31773,31778
31778,31773
31784,31789
31789,31784
31797,31802
31802,31797
31807,31812
31812,31807
31817,31823
31823,31817
31831,31838
31838,31831
31846,31852
31852,31846
31858,31861
31861,31858
31863,31865
31865,31863
31869,31872
31872,31869
31875,31881
31881,31875
31886,31892
31892,31886
31899,31906
31906,31899
31914,31919
31919,31914
31924,31928
31928,31924
31931,31940
31940,31931
31947,31956
31956,31947
31964,31973
31973,31964
31982,31986
31986,31982
31989,31999
31999,31989
32007,32013
32013,32007
32016,32021
32021,32016
32025,32029
32029,32025
32033,32041
32041,32033
32048,32052
32052,32048
32054,32057
32057,32054
32063,32069
32069,32063
32074,32085
32085,32074
32095,32103
32103,32095
32111,32115
32115,32111
32119,32127
32127,32119
32135,32140
32140,32135
32144,32148
32148,32144
32153,32158
32158,32153
32163,32170
32170,32163
32177,32186
32186,32177
32195,32202
32202,32195
32209,32213
32213,32209
32217,32225
32225,32217
32231,32237
32237,32231
32243,32255
32255,32243
32266,32270
32270,32266
32274,32279
32279,32274
32286,32294
32294,32286
32303,32308
32308,32303
32313,32317
32317,32313
32322,32325
32325,32322
32328,32332
32332,32328
32337,32340
32340,32337
32347,32352
32352,32347
32359,32369
32369,32359
32378,32381
32381,32378
32385,32391
32391,32385
32398,32405
32405,32398
32413,32415
32415,32413
32418,32425
32425,32418
32431,32437
32437,32431
32443,32450
32450,32443
32457,32464
32464,32457
32471,32475
32475,32471
32480,32486
32486,32480
32494,32498
32498,32494
32503,32509
32509,32503
32516,32521
32521,32516
32528,32536
32536,32528
32544,32550
32550,32544
32558,32560
32560,32558
32563,32567
32567,32563
32570,32576
32576,32570
32583,32589
32589,32583
32593,32602
32602,32593
32611,32616
32616,32611
32622,32627
32627,32622
32633,32645
32645,32633
32653,32660
32660,32653
32667,32675
32675,32667
32683,32690
32690,32683
32697,32699
32699,32697
32703,32710
32710,32703
32716,32722
32722,32716
32727,32732
32732,32727
32737,32743
32743,32737
32747,32753
32753,32747
32759,32764
32764,32759
32769,32774
32774,32769
32777,32786
32786,32777
32794,32801
32801,32794
32807,32809
32809,32807
32811,32821
32821,32811
32833,32839
32839,32833
32842,32848
32848,32842
32854,32861
32861,32854
32868,32875
32875,32868
32879,32887
32887,32879
32893,32899
32899,32893
32906,32914
32914,32906
32921,32925
32925,32921
32929,32938
32938,32929
32945,32954
32954,32945
32961,32964
32964,32961
32968,32974
32974,32968
32980,32988
32988,32980
32994,33000
33000,32994
33004,33009
33009,33004
33015,33020
33020,33015
33025,33030
33030,33025
33036,33039
33039,33036
33042,33052
33052,33042
33060,33064
33064,33060
33068,33075
33075,33068
33082,33089
33089,33082
33094,33102
33102,33094
33107,33112
33112,33107
33116,33124
33124,33116
33133,33136
33136,33133
33140,33145
33145,33140
33150,33159
33159,33150
33167,33172
33172,33167
33181,33189
33189,33181
33196,33205
33205,33196
33215,33222
33222,33215
33230,33235
33235,33230
33240,33248
33248,33240
33252,33260
33260,33252
33268,33274
33274,33268
33284,33295
33295,33284
33307,33312
33312,33307
33317,33323
33323,33317
33329,33336
33336,33329
33341,33344
33344,33341
33348,33351
33351,33348
33355,33357
33357,33355
33359,33363
33363,33359
33365,33371
33371,33365
33379,33382
33382,33379
33385,33390
33390,33385
33396,33400
33400,33396
33406,33409
33409,33406
33412,33418
33418,33412
33424,33428
33428,33424
33432,33440
33440,33432
33449,33456
33456,33449
33464,33469
33469,33464
33473,33477
33477,33473
33480,33487
33487,33480
33494,33496
33496,33494
33498,33503
33503,33498
33507,33510
33510,33507
33512,33518
33518,33512
33523,33533
33533,33523
33540,33541
33541,33540
33544,33551
33551,33544
33556,33559
33559,33556
33563,33570
33570,33563
33577,33583
33583,33577
33590,33596
33596,33590
33601,33610
33610,33601
33619,33625
33625,33619
33629,33635
33635,33629
33641,33647
33647,33641
33652,33655
33655,33652
33658,33667
33667,33658
33674,33676
33676,33674
33680,33687
33687,33680
33694,33699
33699,33694
33703,33706
33706,33703
33709,33718
33718,33709
33730,33734
33734,33730
33736,33741
33741,33736
33747,33752
33752,33747
33758,33762
33762,33758
33767,33772
33772,33767
33778,33782
33782,33778
33787,33790
33790,33787
33793,33797
33797,33793
33801,33807
33807,33801
33812,33820
33820,33812
33826,33830
33830,33826
33837,33845
33845,33837
33851,33855
33855,33851
33860,33865
33865,33860
33869,33873
33873,33869
33877,33888
33888,33877
33896,33902
33902,33896
33909,33911
33911,33909
33913,33921
33921,33913
33931,33935
33935,33931
33937,33941
33941,33937
33944,33953
33953,33944
33962,33971
33971,33962
33979,33985
33985,33979
33993,33996
33996,33993
34002,34008
34008,34002
34015,34021
34021,34015
34025,34030
34030,34025
34036,34045
34045,34036
34051,34054
34054,34051
34057,34061
34061,34057
34071,34075
34075,34071
34079,34082
34082,34079
34085,34091
34091,34085
34097,34102
34102,34097
34107,34113
34113,34107
34120,34121
34121,34120
34123,34129
34129,34123
34138,34146
34146,34138
34152,34157
34157,34152
34162,34171
34171,34162
34179,34185
34185,34179
34191,34203
34203,34191
34213,34219
34219,34213
34226,34229
34229,34226
34232,34235
34235,34232
34242,34248
34248,34242
34257,34262
34262,34257
34269,34277
34277,34269
34287,34294
34294,34287
34298,34303
34303,34298
34307,34312
34312,34307
34318,34325
34325,34318
34330,34336
34336,34330
34344,34349
34349,34344
34353,34359
34359,34353
34366,34371
34371,34366
34375,34383
34383,34375
34391,34399
34399,34391
34405,34406
34406,34405
34408,34413
34413,34408
34418,34426
34426,34418
34434,34437
34437,34434
34442,34443
34443,34442
34446,34453
34453,34446
34457,34463
34463,34457
34467,34472
34472,34467
34479,34482
34482,34479
34485,34494
34494,34485
34501,34505
34505,34501
34508,34513
34513,34508
34520,34525
34525,34520
34528,34532
34532,34528
34537,34544
34544,34537
34550,34557
34557,34550
34564,34568
34568,34564
34571,34577
34577,34571
34581,34585
34585,34581
34589,34594
34594,34589
34598,34603
34603,34598
34607,34613
34613,34607
34618,34621
34621,34618
34626,34631
34631,34626
34634,34639
34639,34634
34642,34649
34649,34642
34658,34663
34663,34658
34667,34672
34672,34667
34678,34681
34681,34678
34685,34695
34695,34685
34703,34708
34708,34703
34714,34715
34715,34714
34719,34724
34724,34719
34729,34733
34733,34729
34737,34743
34743,34737
34750,34757
34757,34750
34764,34770
34770,34764
34777,34783
34783,34777
34788,34793
34793,34788
34799,34807
34807,34799
34814,34823
34823,34814
34832,34842
34842,34832
34850,34856
34856,34850
34864,34870
34870,34864
34875,34880
34880,34875
34888,34896
34896,34888
34903,34908
34908,34903
34913,34920
34920,34913
34926,34931
34931,34926
34935,34943
34943,34935
34950,34956
34956,34950
34962,34966
34966,34962
34971,34977
34977,34971
34982,34990
34990,34982
34995,35000
35000,34995
35004,35011
35011,35004
35017,35019
35019,35017
35021,35031
35031,35021
35041,35049
35049,35041
35056,35061
35061,35056
35066,35071
35071,35066
35075,35085
35085,35075
35095,35098
35098,35095
35104,35111
35111,35104
35116,35120
35120,35116
35123,35130
35130,35123
35136,35140
35140,35136
35143,35148
35148,35143
35154,35162
35162,35154
35169,35179
35179,35169
35188,35196
35196,35188
35204,35211
35211,35204
35217,35223
35223,35217
35230,35236
35236,35230
35239,35248
35248,35239
35255,35258
35258,35255
35261,35266
35266,35261
35270,35276
35276,35270
35280,35287
35287,35280
35294,35300
35300,35294
35304,35313
35313,35304
35323,35330
35330,35323
35335,35338
35338,35335
35340,35350
35350,35340
35360,35365
35365,35360
35370,35375
35375,35370
35380,35385
35385,35380
35392,35394
35394,35392
35399,35405
35405,35399
35413,35417
35417,35413
35422,35431
35431,35422
35439,35441
35441,35439
35442,35449
35449,35442
35455,35459
35459,35455
35465,35472
35472,35465
35479,35486
35486,35479
35491,35494
35494,35491
35498,35504
35504,35498
35510,35518
35518,35510
35526,35532
35532,35526
35538,35542
35542,35538
35547,35550
35550,35547
35553,35562
35562,35553
35570,35577
35577,35570
35584,35588
35588,35584
35594,35600
35600,35594
35605,35610
35610,35605
35614,35620
35620,35614
35626,35631
35631,35626
35637,35646
35646,35637
35654,35661
35661,35654
35667,35671
35671,35667
35675,35680
35680,35675
35683,35687
35687,35683
35692,35698
35698,35692
35702,35708
35708,35702
35713,35719
35719,35713
35724,35728
35728,35724
35732,35740
35740,35732
35747,35750
35750,35747
35754,35757
35757,35754
35762,35765
35765,35762
35768,35777
35777,35768
35785,35787
35787,35785
35789,35795
35795,35789
35801,35806
35806,35801
35814,35820
35820,35814
35828,35837
35837,35828
35844,35848
35848,35844
35850,35859
35859,35850
35867,35872
35872,35867
35878,35882
35882,35878
35885,35892
35892,35885
35898,35902
35902,35898
35908,35914
35914,35908
35918,35923
35923,35918
35931,35937
35937,35931
35945,35952
35952,35945
35959,35968
35968,35959
35976,35981
35981,35976
35984,35988
35988,35984
35989,35994
35994,35989
35999,36005
36005,35999
36012,36015
36015,36012
36018,36025
36025,36018
36032,36038
36038,36032
36043,36046
36046,36043
36049,36057
36057,36049
36065,36070
36070,36065
36077,36084
36084,36077
36089,36093
36093,36089
36097,36101
36101,36097
36103,36106
36106,36103
36108,36116
36116,36108
36124,36130
36130,36124
36139,36147
36147,36139
36152,36158
36158,36152
36162,36168
36168,36162
36171,36178
36178,36171
36184,36190
36190,36184
36195,36202
36202,36195
36210,36218
36218,36210
36225,36233
36233,36225
36238,36246
36246,36238
36256,36262
36262,36256
36269,36274
36274,36269
36282,36289
36289,36282
36293,36300
36300,36293
36306,36316
36316,36306
36327,36334
36334,36327
36340,36344
36344,36340
36347,36355
36355,36347
36361,36368
36368,36361
36373,36379
36379,36373
36386,36393
36393,36386
36400,36407
36407,36400
36412,36416
36416,36412
36421,36425
36425,36421
36429,36433
36433,36429
36438,36444
36444,36438
36452,36459
36459,36452
36468,36473
36473,36468
36480,36482
36482,36480
36485,36492
36492,36485
36499,36506
36506,36499
36513,36519
36519,36513
36525,36530
36530,36525
36538,36543
36543,36538
36550,36553
36553,36550
36556,36559
36559,36556
36562,36564
36564,36562
36567,36572
36572,36567
36578,36584
36584,36578
36591,36599
36599,36591
36606,36612
36612,36606
36618,36625
36625,36618
36630,36640
36640,36630
36652,36655
36655,36652
36657,36662
36662,36657
36667,36680
36680,36667
36692,36696
36696,36692
36701,36707
36707,36701
36711,36720
36720,36711
36727,36729
36729,36727
36735,36741
36741,36735
36748,36755
36755,36748
36764,36771
36771,36764
36778,36784
36784,36778
36789,36795
36795,36789
36802,36810
36810,36802
36819,36826
36826,36819
36833,36841
36841,36833
36849,36853
36853,36849
36858,36865
36865,36858
36872,36879
36879,36872
36883,36890
36890,36883
36899,36903
36903,36899
36907,36912
36912,36907
36919,36926
36926,36919
36934,36943
36943,36934
36953,36960
36960,36953
36965,36971
36971,36965
36977,36980
36980,36977
36984,36986
36986,36984
36988,36994
36994,36988
36999,37009
37009,36999
37017,37025
37025,37017
37033,37041
37041,37033
37050,37057
37057,37050
37063,37068
37068,37063
37072,37078
37078,37072
37083,37088
37088,37083
37092,37100
37100,37092
37107,37112
37112,37107
37119,37125
37125,37119
37131,37138
37138,37131
37146,37150
37150,37146
37155,37159
37159,37155
37163,37165
37165,37163
37169,37173
37173,37169
37177,37188
37188,37177
37196,37202
37202,37196
37207,37217
37217,37207
37226,37235
37235,37226
37242,37248
37248,37242
37254,37257
37257,37254
37262,37265
37265,37262
37268,37272
37272,37268
37276,37281
37281,37276
37286,37290
37290,37286
37294,37299
37299,37294
37303,37306
37306,37303
37311,37314
37314,37311
37319,37325
37325,37319
37330,37336
37336,37330
37341,37343
37343,37341
37345,37352
37352,37345
37362,37366
37366,37362
37371,37380
37380,37371
37388,37395
37395,37388
37401,37408
37408,37401
37418,37424
37424,37418
37428,37431
37431,37428
37435,37438
37438,37435
37441,37447
37447,37441
37450,37454
37454,37450
37458,37466
37466,37458
37473,37482
37482,37473
37490,37497
37497,37490
37506,37512
37512,37506
37517,37521
37521,37517
37525,37530
37530,37525
37535,37543
37543,37535
37550,37556
37556,37550
37563,37569
37569,37563
37575,37582
37582,37575
37588,37592
37592,37588
37597,37603
37603,37597
37609,37614
37614,37609
37620,37624
37624,37620
37629,37634
37634,37629
37638,37644
37644,37638
37652,37657
37657,37652
37663,37671
37671,37663
37681,37690
37690,37681
37697,37707
37707,37697
37716,37720
37720,37716
37724,37730
37730,37724
37738,37741
37741,37738
37746,37755
37755,37746
37765,37769
37769,37765
37774,37786
37786,37774
37796,37801
37801,37796
37805,37809
37809,37805
37815,37819
37819,37815
37822,37828
37828,37822
37836,37840
37840,37836
37845,37849
37849,37845
37853,37859
37859,37853
37864,37868
37868,37864
37873,37879
37879,37873
37887,37892
37892,37887
37896,37904
37904,37896
37911,37917
37917,37911
37924,37931
37931,37924
37939,37943
37943,37939
37947,37955
37955,37947
37964,37968
37968,37964
37972,37978
37978,37972
37982,37986
37986,37982
37991,37996
37996,37991
37999,38003
38003,37999
38009,38019
38019,38009
38028,38036
38036,38028
38043,38047
38047,38043
38050,38052
38052,38050
38054,38067
38067,38054
38077,38083
38083,38077
38089,38093
38093,38089
38096,38098
38098,38096
38101,38104
38104,38101
38106,38114
38114,38106
38123,38131
38131,38123
38140,38144
38144,38140
38147,38153
38153,38147
38160,38169
38169,38160
38178,38182
38182,38178
38186,38193
38193,38186
38202,38206
38206,38202
38208,38212
38212,38208
38216,38220
38220,38216
38224,38230
38230,38224
38236,38243
38243,38236
38251,38253
38253,38251
38255,38262
38262,38255
38269,38274
38274,38269
38277,38281
38281,38277
38285,38290
38290,38285
38296,38302
38302,38296
38308,38314
38314,38308
38321,38325
38325,38321
38329,38333
38333,38329
38337,38343
38343,38337
38348,38351
38351,38348
38355,38361
38361,38355
38367,38370
38370,38367
38373,38377
38377,38373
38381,38385
38385,38381
38390,38400
38400,38390
38410,38414
38414,38410
38418,38426
38426,38418
38433,38440
38440,38433
38449,38456
38456,38449
38465,38471
38471,38465
38478,38482
38482,38478
38486,38492
38492,38486
38498,38509
38509,38498
38520,38523
38523,38520
38528,38536
38536,38528
38543,38550
38550,38543
38556,38560
38560,38556
38563,38567
38567,38563
38572,38577
38577,38572
38583,38586
38586,38583
38589,38592
38592,38589
38595,38604
38604,38595
38611,38617
38617,38611
38624,38626
38626,38624
38628,38637
38637,38628
38647,38655
38655,38647
38664,38671
38671,38664
38678,38684
38684,38678
38689,38698
38698,38689
38707,38715
38715,38707
38721,38728
38728,38721
38736,38745
38745,38736
38754,38757
38757,38754
38761,38767
38767,38761
38773,38775
38775,38773
38779,38784
38784,38779
38789,38794
38794,38789
38799,38803
38803,38799
38807,38813
38813,38807
38823,38828
38828,38823
38834,38841
38841,38834
38846,38848
38848,38846
38850,38852
38852,38850
38855,38863
38863,38855
38871,38874
38874,38871
38878,38885
38885,38878
38893,38897
38897,38893
38901,38905
38905,38901
38909,38914
38914,38909
38919,38923
38923,38919
38927,38932
38932,38927
38937,38944
38944,38937
38948,38951
38951,38948
38953,38956
38956,38953
38958,38962
38962,38958
38968,38973
38973,38968
38979,38982
38982,38979
38984,38992
38992,38984
38998,39000
39000,38998
39002,39005
39005,39002
39008,39016
39016,39008
39022,39029
39029,39022
39035,39042
39042,39035
39048,39056
39056,39048
39064,39067
39067,39064
39071,39074
39074,39071
39078,39081
39081,39078
39084,39087
39087,39084
39093,39100
39100,39093
39105,39110
39110,39105
39114,39121
39121,39114
39128,39136
39136,39128
39144,39148
39148,39144
39153,39157
39157,39153
39161,39171
39171,39161
39181,39186
39186,39181
39190,39197
39197,39190
39203,39207
39207,39203
39210,39215
39215,39210
39221,39229
39229,39221
39237,39245
39245,39237
39254,39261
39261,39254
39267,39271
39271,39267
39275,39279
39279,39275
39283,39293
39293,39283
39302,39309
39309,39302
39315,39319
39319,39315
39323,39330
39330,39323
39337,39344
39344,39337
39352,39360
39360,39352
39371,39379
39379,39371
39386,39393
39393,39386
39401,39405
39405,39401
39409,39418
39418,39409
39427,39432
39432,39427
39437,39447
39447,39437
39456,39460
39460,39456
39465,39468
39468,39465
39472,39476
39476,39472
39478,39483
39483,39478
39487,39491
39491,39487
39495,39500
39500,39495
39502,39510
39510,39502
39519,39522
39522,39519
39526,39532
39532,39526
39538,39544
39544,39538
39550,39552
39552,39550
39555,39559
39559,39555
39565,39570
39570,39565
39576,39586
39586,39576
39592,39596
39596,39592
39603,39609
39609,39603
39616,39622
39622,39616
39628,39634
39634,39628
39641,39645
39645,39641
39648,39652
39652,39648
39656,39660
39660,39656
39663,39674
39674,39663
39682,39688
39688,39682
39695,39700
39700,39695
39703,39713
39713,39703
39723,39729
39729,39723
39736,39743
39743,39736
39748,39755
39755,39748
39761,39768
39768,39761
39775,39777
39777,39775
39780,39782
39782,39780
39788,39793
39793,39788
39799,39805
39805,39799
39811,39821
39821,39811
39830,39833
39833,39830
39837,39844
39844,39837
39854,39860
39860,39854
39866,39871
39871,39866
39875,39878
39878,39875
39882,39888
39888,39882
39896,39899
39899,39896
39903,39909
39909,39903
39915,39921
39921,39915
39928,39935
39935,39928
39939,39942
39942,39939
39947,39953
39953,39947
39959,39967
39967,39959
39975,39982
39982,39975
39989,39993
39993,39989
39999,40003
40003,39999
40007,40018
40018,40007
40030,40038
40038,40030
40045,40050
40050,40045
40054,40062
40062,40054
40067,40069
40069,40067
40072,40076
40076,40072
40081,40087
40087,40081
40095,40100
40100,40095
40107,40111
40111,40107
40116,40122
40122,40116
40128,40134
40134,40128
40138,40144
40144,40138
40149,40156
40156,40149
40163,40168
40168,40163
40174,40181
40181,40174
40189,40196
40196,40189
40203,40210
40210,40203
40216,40223
40223,40216
40230,40235
40235,40230
40240,40246
40246,40240
40252,40259
40259,40252
40267,40272
40272,40267
40276,40284
40284,40276
40292,40298
40298,40292
40303,40307
40307,40303
40311,40317
40317,40311
40324,40327
40327,40324
40330,40338
40338,40330
40344,40350
40350,40344
40356,40360
40360,40356
40366,40368
40368,40366
40372,40383
40383,40372
40390,40394
40394,40390
40397,40405
40405,40397
40414,40422
40422,40414
40430,40439
40439,40430
40447,40456
40456,40447
40466,40473
40473,40466
40480,40484
40484,40480
40489,40497
40497,40489
40503,40510
40510,40503
40517,40525
40525,40517
40534,40539
40539,40534
40544,40552
40552,40544
40557,40562
40562,40557
40568,40572
40572,40568
40574,40577
40577,40574
40580,40587
40587,40580
40597,40601
40601,40597
40606,40612
40612,40606
40620,40626
40626,40620
40631,40633
40633,40631
40636,40643
40643,40636
40649,40652
40652,40649
40656,40667
40667,40656
40676,40680
40680,40676
40683,40687
40687,40683
40690,40692
40692,40690
40696,40703
40703,40696
40711,40718
40718,40711
40724,40731
40731,40724
40735,40739
40739,40735
40743,40745
40745,40743
40748,40754
40754,40748
40760,40765
40765,40760
40770,40776
40776,40770
40781,40786
40786,40781
40790,40797
40797,40790
40804,40808
40808,40804
40811,40817
40817,40811
40821,40827
40827,40821
40832,40836
40836,40832
40840,40842
40842,40840
40844,40854
40854,40844
40861,40866
40866,40861
40870,40875
40875,40870
40879,40882
40882,40879
40885,40889
40889,40885
40894,40903
40903,40894
40910,40916
40916,40910
40923,40931
40931,40923
40941,40946
40946,40941
40951,40955
40955,40951
40959,40965
40965,40959
40972,40978
40978,40972
40983,40989
40989,40983
40994,40999
40999,40994
41004,41008
41008,41004
41013,41019
41019,41013
41024,41032
41032,41024
41038,41046
41046,41038
41052,41056
41056,41052
41059,41068
41068,41059
41080,41087
41087,41080
41095,41096
41096,41095
41097,41100
41100,41097
41103,41108
41108,41103
41113,41120
41120,41113
41129,41138
41138,41129
41144,41150
41150,41144
41155,41162
41162,41155
41169,41176
41176,41169
41179,41185
41185,41179
41192,41199
41199,41192
41207,41217
41217,41207
41225,41232
41232,41225
41240,41249
41249,41240
41258,41265
41265,41258
41273,41278
41278,41273
41282,41287
41287,41282
41292,41301
41301,41292
41307,41313
41313,41307
41319,41323
41323,41319
41327,41334
41334,41327
41339,41346
41346,41339
41354,41360
41360,41354
41367,41377
41377,41367
41389,41396
41396,41389
41404,41412
41412,41404
41419,41425
41425,41419
41429,41435
41435,41429
41442,41445
41445,41442
41448,41451
41451,41448
41454,41456
41456,41454
41458,41462
41462,41458
41466,41474
41474,41466
41481,41486
41486,41481
41493,41497
41497,41493
41502,41514
41514,41502
41528,41533
41533,41528
41540,41550
41550,41540
41561,41571
41571,41561
41583,41590
41590,41583
41595,41601
41601,41595
41607,41612
41612,41607
41616,41620
41620,41616
41625,41627
41627,41625
41629,41632
41632,41629
41635,41640
41640,41635
41645,41654
41654,41645
41663,41667
41667,41663
41671,41674
41674,41671
41678,41684
41684,41678
41690,41697
41697,41690
41702,41706
41706,41702
41710,41718
41718,41710
41724,41732
41732,41724
41741,41746
41746,41741
41751,41755
41755,41751
41759,41767
41767,41759
41775,41780
41780,41775
41785,41791
41791,41785
41794,41797
41797,41794
41801,41806
41806,41801
41813,41818
41818,41813
41823,41830
41830,41823
41838,41843
41843,41838
41849,41854
41854,41849
41859,41866
41866,41859
41873,41877
41877,41873
41882,41883
41883,41882
41887,41894
41894,41887
41899,41906
41906,41899
41912,41916
41916,41912
41922,41927
41927,41922
41930,41939
41939,41930
41947,41953
41953,41947
41962,41966
41966,41962
41972,41979
41979,41972
41986,41994
41994,41986
42002,42008
42008,42002
42013,42017
42017,42013
42021,42026
42026,42021
42029,42037
42037,42029
42044,42047
42047,42044
42051,42062
42062,42051
42076,42082
42082,42076
42093,42098
42098,42093
42101,42105
42105,42101
42109,42112
42112,42109
42116,42122
42122,42116
42127,42132
42132,42127
42137,42142
42142,42137
42145,42152
42152,42145
42160,42162
42162,42160
42165,42169
42169,42165
42173,42176
42176,42173
42180,42189
42189,42180
42194,42199
42199,42194
42204,42209
42209,42204
42215,42222
42222,42215
42231,42239
42239,42231
42247,42252
42252,42247
42260,42264
42264,42260
42269,42270
42270,42269
42274,42279
42279,42274
42283,42289
42289,42283
42296,42301
42301,42296
42306,42312
42312,42306
42317,42323
42323,42317
42330,42336
42336,42330
42341,42351
42351,42341
42360,42365
42365,42360
42368,42376
42376,42368
42384,42392
42392,42384
42400,42403
42403,42400
42407,42418
42418,42407
42429,42439
42439,42429
42448,42460
42460,42448
42473,42479
42479,42473
42485,42488
42488,42485
42493,42498
42498,42493
42502,42509
42509,42502
42519,42528
42528,42519
42536,42544
42544,42536
42550,42557
42557,42550
42563,42571
42571,42563
42579,42582
42582,42579
42585,42589
42589,42585
42595,42603
42603,42595
42611,42619
42619,42611
42626,42630
42630,42626
42636,42644
42644,42636
42651,42659
42659,42651
42668,42672
42672,42668
42676,42682
42682,42676
42690,42695
42695,42690
42701,42709
42709,42701
42717,42726
42726,42717
42736,42742
42742,42736
42748,42753
42753,42748
42756,42762
42762,42756
42769,42774
42774,42769
42781,42786
42786,42781
42791,42796
42796,42791
42802,42807
42807,42802
42811,42821
42821,42811
42828,42833
42833,42828
42835,42838
42838,42835
42840,42850
42850,42840
42859,42863
42863,42859
42867,42870
42870,42867
42872,42878
42878,42872
42883,42892
42892,42883
42897,42905
42905,42897
42913,42919
42919,42913
42925,42929
42929,42925
42933,42937
42937,42933
42941,42945
42945,42941
42950,42954
42954,42950
42957,42962
42962,42957
42967,42978
42978,42967
42990,42994
42994,42990
42998,43007
43007,42998
43015,43024
43024,43015
43029,43036
43036,43029
43041,43046
43046,43041
43051,43059
43059,43051
43067,43070
43070,43067
43075,43078
43078,43075
43081,43084
43084,43081
43089,43096
43096,43089
43102,43106
43106,43102
43115,43122
43122,43115
43130,43135
43135,43130
43141,43145
43145,43141
43148,43157
43157,43148
43166,43172
43172,43166
43179,43184
43184,43179
43189,43194
43194,43189
43199,43210
43210,43199
43220,43229
43229,43220
43238,43246
43246,43238
43253,43260
43260,43253
43264,43271
43271,43264
43276,43283
43283,43276
43287,43293
43293,43287
43299,43309
43309,43299
43318,43321
43321,43318
43324,43328
43328,43324
43332,43336
43336,43332
43340,43344
43344,43340
43348,43354
43354,43348
43361,43367
43367,43361
43374,43381
43381,43374
43388,43393
43393,43388
43399,43404
43404,43399
43408,43414
43414,43408
43422,43429
43429,43422
43437,43445
43445,43437
43453,43458
43458,43453
43462,43468
43468,43462
43475,43480
43480,43475
43486,43492
43492,43486
43497,43504
43504,43497
43513,43520
43520,43513
43525,43533
43533,43525
43540,43546
43546,43540
43553,43557
43557,43553
43560,43564
43564,43560
43568,43574
43574,43568
43580,43587
43587,43580
43593,43600
43600,43593
43606,43610
43610,43606
43614,43620
43620,43614
43626,43635
43635,43626
43645,43656
43656,43645
43667,43670
43670,43667
43673,43677
43677,43673
43680,43685
43685,43680
43691,43698
43698,43691
43704,43709
43709,43704
43713,43718
43718,43713
43721,43725
43725,43721
43729,43735
43735,43729
43742,43749
43749,43742
43756,43764
43764,43756
43772,43777
43777,43772
43784,43794
43794,43784
43805,43808
43808,43805
43812,43822
43822,43812
43830,43837
43837,43830
43844,43849
43849,43844
43854,43859
43859,43854
43863,43868
43868,43863
43874,43879
43879,43874
43886,43888
43888,43886
43890,43900
43900,43890
43910,43916
43916,43910
43922,43925
43925,43922
43930,43933
43933,43930
43937,43943
43943,43937
43948,43954
43954,43948
43961,43966
43966,43961
43972,43974
43974,43972
43977,43984
43984,43977
43992,43999
43999,43992
44006,44010
44010,44006
44013,44016
44016,44013
44020,44027
44027,44020
44034,44044
44044,44034
44055,44060
44060,44055
44065,44070
44070,44065
44076,44079
44079,44076
44082,44085
44085,44082
44091,44100
44100,44091
44109,44112
44112,44109
44116,44120
44120,44116
44125,44131
44131,44125
44138,44146
44146,44138
44153,44166
44166,44153
44179,44184
44184,44179
44189,44198
44198,44189
44207,44214
44214,44207
44219,44227
44227,44219
44235,44241
44241,44235
44248,44252
44252,44248
44256,44260
44260,44256
44266,44274
44274,44266
44284,44291
44291,44284
44296,44303
44303,44296
44309,44314
44314,44309
44322,44327
44327,44322
44332,44338
44338,44332
44344,44348
44348,44344
44355,44363
44363,44355
44370,44377
44377,44370
44383,44388
44388,44383
44393,44401
44401,44393
44407,44410
44410,44407
44413,44424
44424,44413
44436,44439
44439,44436
44441,44445
44445,44441
44449,44455
44455,44449
44463,44465
44465,44463
44469,44472
44472,44469
44477,44480
44480,44477
44485,44491
44491,44485
44496,44502
44502,44496
44507,44516
44516,44507
44525,44529
44529,44525
44533,44539
44539,44533
44543,44549
44549,44543
44552,44556
44556,44552
44562,44569
44569,44562
44577,44584
44584,44577
44591,44605
44605,44591
44618,44624
44624,44618
44630,44639
44639,44630
44648,44653
44653,44648
44658,44659
44659,44658
44661,44670
44670,44661
44677,44682
44682,44677
44686,44691
44691,44686
44697,44702
44702,44697
44708,44711
44711,44708
44714,44720
44720,44714
44725,44728
44728,44725
44731,44739
44739,44731
44747,44756
44756,44747
44767,44771
44771,44767
44777,44785
44785,44777
44792,44796
44796,44792
44800,44805
44805,44800
44811,44814
44814,44811
44817,44825
44825,44817
44830,44837
44837,44830
44844,44850
44850,44844
44855,44858
44858,44855
44865,44874
44874,44865
44883,44890
44890,44883
44896,44906
44906,44896
44917,44919
44919,44917
