phrase_line_num,paraphrase_line_num
1,2
2,1
3,4
4,3
5,6
6,5
11,12
12,11
15,16
16,15
17,18
18,17
21,22
22,21
23,24
24,23
25,26
26,25
29,30
30,29
33,34
34,33
35,36
36,35
37,38
38,37
39,40
40,39
41,42
42,41
43,44
44,43
45,46
46,45
47,48
48,47
51,52
52,51
53,54
54,53
55,56
56,55
57,58
58,57
59,60
60,59
61,62
62,61
69,70
70,69
73,74
74,73
75,76
76,75
79,80
80,79
81,82
82,81
83,84
84,83
87,88
88,87
89,90
90,89
97,98
98,97
99,100
100,99
101,102
102,101
103,104
104,103
105,106
106,105
107,108
108,107
111,112
112,111
113,114
114,113
115,116
116,115
119,120
120,119
121,122
122,121
123,124
124,123
125,126
126,125
127,128
128,127
129,130
130,129
131,132
132,131
133,134
134,133
135,136
136,135
137,138
138,137
139,140
140,139
143,144
144,143
145,146
146,145
149,150
150,149
151,152
152,151
153,154
154,153
155,156
156,155
161,162
162,161
165,166
166,165
173,174
174,173
175,176
176,175
179,180
180,179
183,184
184,183
185,186
186,185
189,190
190,189
195,196
196,195
199,200
200,199
201,202
202,201
203,204
204,203
205,206
206,205
207,208
208,207
209,210
210,209
213,214
214,213
215,216
216,215
217,218
218,217
219,220
220,219
221,222
222,221
227,228
228,227
229,230
230,229
239,240
240,239
241,242
242,241
245,246
246,245
247,248
248,247
249,250
250,249
251,252
252,251
253,254
254,253
255,256
256,255
259,260
260,259
263,264
264,263
269,270
270,269
273,274
274,273
275,276
276,275
277,278
278,277
279,280
280,279
281,282
282,281
283,284
284,283
285,286
286,285
287,288
288,287
289,290
290,289
291,292
292,291
295,296
296,295
297,298
298,297
299,300
300,299
301,302
302,301
303,304
304,303
309,310
310,309
311,312
312,311
313,314
314,313
315,316
316,315
319,320
320,319
321,322
322,321
323,324
324,323
325,326
326,325
327,328
328,327
331,332
332,331
333,334
334,333
337,338
338,337
339,340
340,339
341,342
342,341
343,344
344,343
345,346
346,345
353,354
354,353
357,358
358,357
359,360
360,359
367,368
368,367
369,370
370,369
371,372
372,371
379,380
380,379
385,386
386,385
387,388
388,387
391,392
392,391
395,396
396,395
397,398
398,397
403,404
404,403
405,406
406,405
407,408
408,407
413,414
414,413
415,416
416,415
419,420
420,419
423,424
424,423
425,426
426,425
429,430
430,429
433,434
434,433
435,436
436,435
437,438
438,437
439,440
440,439
441,442
442,441
445,446
446,445
449,450
450,449
451,452
452,451
453,454
454,453
461,462
462,461
463,464
464,463
465,466
466,465
467,468
468,467
471,472
472,471
475,476
476,475
481,482
482,481
485,486
486,485
487,488
488,487
491,492
492,491
493,494
494,493
495,496
496,495
497,498
498,497
501,502
502,501
509,510
510,509
511,512
512,511
513,514
514,513
515,516
516,515
517,518
518,517
519,520
520,519
521,522
522,521
523,524
524,523
525,526
526,525
527,528
528,527
537,538
538,537
539,540
540,539
541,542
542,541
545,546
546,545
553,554
554,553
555,556
556,555
557,558
558,557
559,560
560,559
561,562
562,561
565,566
566,565
567,568
568,567
569,570
570,569
573,574
574,573
583,584
584,583
585,586
586,585
587,588
588,587
589,590
590,589
591,592
592,591
597,598
598,597
599,600
600,599
601,602
602,601
603,604
604,603
607,608
608,607
609,610
610,609
613,614
614,613
615,616
616,615
617,618
618,617
619,620
620,619
621,622
622,621
623,624
624,623
627,628
628,627
629,630
630,629
631,632
632,631
633,634
634,633
635,636
636,635
637,638
638,637
641,642
642,641
643,644
644,643
645,646
646,645
647,648
648,647
649,650
650,649
651,652
652,651
653,654
654,653
661,662
662,661
665,666
666,665
667,668
668,667
669,670
670,669
673,674
674,673
675,676
676,675
679,680
680,679
681,682
682,681
683,684
684,683
685,686
686,685
687,688
688,687
691,692
692,691
693,694
694,693
697,698
698,697
701,702
702,701
703,704
704,703
707,708
708,707
717,718
718,717
721,722
722,721
723,724
724,723
725,726
726,725
727,728
728,727
731,732
732,731
739,740
740,739
743,744
744,743
745,746
746,745
747,748
748,747
749,750
750,749
755,756
756,755
763,764
764,763
765,766
766,765
767,768
768,767
769,770
770,769
773,774
774,773
777,778
778,777
779,780
780,779
781,782
782,781
787,788
788,787
789,790
790,789
791,792
792,791
793,794
794,793
795,796
796,795
799,800
800,799
801,802
802,801
803,804
804,803
805,806
806,805
807,808
808,807
809,810
810,809
815,816
816,815
817,818
818,817
819,820
820,819
821,822
822,821
823,824
824,823
825,826
826,825
827,828
828,827
829,830
830,829
835,836
836,835
837,838
838,837
839,840
840,839
841,842
842,841
843,844
844,843
845,846
846,845
847,848
848,847
855,856
856,855
859,860
860,859
861,862
862,861
863,864
864,863
865,866
866,865
867,868
868,867
869,870
870,869
871,872
872,871
873,874
874,873
875,876
876,875
877,878
878,877
885,886
886,885
887,888
888,887
889,890
890,889
891,892
892,891
893,894
894,893
895,896
896,895
897,898
898,897
899,900
900,899
903,904
904,903
905,906
906,905
907,908
908,907
909,910
910,909
911,912
912,911
913,914
914,913
915,916
916,915
919,920
920,919
921,922
922,921
923,924
924,923
925,926
926,925
933,934
934,933
935,936
936,935
937,938
938,937
939,940
940,939
943,944
944,943
945,946
946,945
947,948
948,947
949,950
950,949
951,952
952,951
953,954
954,953
955,956
956,955
957,958
958,957
959,960
960,959
963,964
964,963
965,966
966,965
967,968
968,967
971,972
972,971
973,974
974,973
975,976
976,975
977,978
978,977
979,980
980,979
981,982
982,981
983,984
984,983
985,986
986,985
987,988
988,987
991,992
992,991
993,994
994,993
995,996
996,995
999,1000
1000,999
1001,1002
1002,1001
1003,1004
1004,1003
1005,1006
1006,1005
1009,1010
1010,1009
1011,1012
1012,1011
1015,1016
1016,1015
1021,1022
1022,1021
1023,1024
1024,1023
1027,1028
1028,1027
1029,1030
1030,1029
1031,1032
1032,1031
1033,1034
1034,1033
1037,1038
1038,1037
1039,1040
1040,1039
1041,1042
1042,1041
1043,1044
1044,1043
1045,1046
1046,1045
1047,1048
1048,1047
1049,1050
1050,1049
1051,1052
1052,1051
1055,1056
1056,1055
1057,1058
1058,1057
1059,1060
1060,1059
1061,1062
1062,1061
1063,1064
1064,1063
1065,1066
1066,1065
1069,1070
1070,1069
1071,1072
1072,1071
1073,1074
1074,1073
1079,1080
1080,1079
1083,1084
1084,1083
1085,1086
1086,1085
1087,1088
1088,1087
1089,1090
1090,1089
1091,1092
1092,1091
1093,1094
1094,1093
1103,1104
1104,1103
1105,1106
1106,1105
1107,1108
1108,1107
1111,1112
1112,1111
1115,1116
1116,1115
1117,1118
1118,1117
1119,1120
1120,1119
1121,1122
1122,1121
1127,1128
1128,1127
1131,1132
1132,1131
1133,1134
1134,1133
1135,1136
1136,1135
1141,1142
1142,1141
1143,1144
1144,1143
1145,1146
1146,1145
1147,1148
1148,1147
1149,1150
1150,1149
1151,1152
1152,1151
1153,1154
1154,1153
1157,1158
1158,1157
1161,1162
1162,1161
1165,1166
1166,1165
1167,1168
1168,1167
1169,1170
1170,1169
1171,1172
1172,1171
1175,1176
1176,1175
1177,1178
1178,1177
1179,1180
1180,1179
1181,1182
1182,1181
1183,1184
1184,1183
1191,1192
1192,1191
1193,1194
1194,1193
1197,1198
1198,1197
1199,1200
1200,1199
1201,1202
1202,1201
1203,1204
1204,1203
1205,1206
1206,1205
1207,1208
1208,1207
1209,1210
1210,1209
1211,1212
1212,1211
1213,1214
1214,1213
1219,1220
1220,1219
1221,1222
1222,1221
1223,1224
1224,1223
1227,1228
1228,1227
1229,1230
1230,1229
1231,1232
1232,1231
1233,1234
1234,1233
1237,1238
1238,1237
1239,1240
1240,1239
1241,1242
1242,1241
1245,1246
1246,1245
1249,1250
1250,1249
1253,1254
1254,1253
1255,1256
1256,1255
1259,1260
1260,1259
1263,1264
1264,1263
1265,1266
1266,1265
1271,1272
1272,1271
1275,1276
1276,1275
1279,1280
1280,1279
1281,1282
1282,1281
1283,1284
1284,1283
1287,1288
1288,1287
1289,1290
1290,1289
1291,1292
1292,1291
1293,1294
1294,1293
1295,1296
1296,1295
1301,1302
1302,1301
1303,1304
1304,1303
1307,1308
1308,1307
1309,1310
1310,1309
1311,1312
1312,1311
1313,1314
1314,1313
1315,1316
1316,1315
1317,1318
1318,1317
1319,1320
1320,1319
1321,1322
1322,1321
1323,1324
1324,1323
1325,1326
1326,1325
1327,1328
1328,1327
1329,1330
1330,1329
1333,1334
1334,1333
1339,1340
1340,1339
1341,1342
1342,1341
1343,1344
1344,1343
1347,1348
1348,1347
1349,1350
1350,1349
1353,1354
1354,1353
1357,1358
1358,1357
1359,1360
1360,1359
1361,1362
1362,1361
1363,1364
1364,1363
1367,1368
1368,1367
1371,1372
1372,1371
1373,1374
1374,1373
1377,1378
1378,1377
1379,1380
1380,1379
1381,1382
1382,1381
1393,1394
1394,1393
1395,1396
1396,1395
1399,1400
1400,1399
1401,1402
1402,1401
1403,1404
1404,1403
1405,1406
1406,1405
1409,1410
1410,1409
1417,1418
1418,1417
1419,1420
1420,1419
1425,1426
1426,1425
1427,1428
1428,1427
1433,1434
1434,1433
1439,1440
1440,1439
1441,1442
1442,1441
1443,1444
1444,1443
1449,1450
1450,1449
1453,1454
1454,1453
1455,1456
1456,1455
1457,1458
1458,1457
1461,1462
1462,1461
1463,1464
1464,1463
1465,1466
1466,1465
1469,1470
1470,1469
1471,1472
1472,1471
1473,1474
1474,1473
1475,1476
1476,1475
1477,1478
1478,1477
1479,1480
1480,1479
1481,1482
1482,1481
1483,1484
1484,1483
1485,1486
1486,1485
1487,1488
1488,1487
1489,1490
1490,1489
1493,1494
1494,1493
1495,1496
1496,1495
1497,1498
1498,1497
1501,1502
1502,1501
1503,1504
1504,1503
1505,1506
1506,1505
1507,1508
1508,1507
1509,1510
1510,1509
1511,1512
1512,1511
1513,1514
1514,1513
1515,1516
1516,1515
1517,1518
1518,1517
1519,1520
1520,1519
1521,1522
1522,1521
1523,1524
1524,1523
1525,1526
1526,1525
1527,1528
1528,1527
1529,1530
1530,1529
1531,1532
1532,1531
1533,1534
1534,1533
1535,1536
1536,1535
1537,1538
1538,1537
1539,1540
1540,1539
1541,1542
1542,1541
1543,1544
1544,1543
1545,1546
1546,1545
1547,1548
1548,1547
1549,1550
1550,1549
1551,1552
1552,1551
1553,1554
1554,1553
1555,1556
1556,1555
1559,1560
1560,1559
1563,1564
1564,1563
1565,1566
1566,1565
1571,1572
1572,1571
1573,1574
1574,1573
1577,1578
1578,1577
1579,1580
1580,1579
1581,1582
1582,1581
1583,1584
1584,1583
1587,1588
1588,1587
1589,1590
1590,1589
1591,1592
1592,1591
1605,1606
1606,1605
1607,1608
1608,1607
1611,1612
1612,1611
1613,1614
1614,1613
1617,1618
1618,1617
1621,1622
1622,1621
1623,1624
1624,1623
1627,1628
1628,1627
1631,1632
1632,1631
1639,1640
1640,1639
1645,1646
1646,1645
1647,1648
1648,1647
1649,1650
1650,1649
1651,1652
1652,1651
1653,1654
1654,1653
1659,1660
1660,1659
1661,1662
1662,1661
1663,1664
1664,1663
1665,1666
1666,1665
1669,1670
1670,1669
1673,1674
1674,1673
1675,1676
1676,1675
1677,1678
1678,1677
1685,1686
1686,1685
1687,1688
1688,1687
1691,1692
1692,1691
1693,1694
1694,1693
1695,1696
1696,1695
1699,1700
1700,1699
1703,1704
1704,1703
1705,1706
1706,1705
1713,1714
1714,1713
1715,1716
1716,1715
1719,1720
1720,1719
1721,1722
1722,1721
1723,1724
1724,1723
1727,1728
1728,1727
1729,1730
1730,1729
1731,1732
1732,1731
1735,1736
1736,1735
1737,1738
1738,1737
1739,1740
1740,1739
1743,1744
1744,1743
1745,1746
1746,1745
1747,1748
1748,1747
1749,1750
1750,1749
1759,1760
1760,1759
1763,1764
1764,1763
1765,1766
1766,1765
1767,1768
1768,1767
1775,1776
1776,1775
1779,1780
1780,1779
1781,1782
1782,1781
1783,1784
1784,1783
1791,1792
1792,1791
1795,1796
1796,1795
1797,1798
1798,1797
1799,1800
1800,1799
1801,1802
1802,1801
1803,1804
1804,1803
1807,1808
1808,1807
1809,1810
1810,1809
1811,1812
1812,1811
1813,1814
1814,1813
1815,1816
1816,1815
1817,1818
1818,1817
1819,1820
1820,1819
1821,1822
1822,1821
1823,1824
1824,1823
1831,1832
1832,1831
1833,1834
1834,1833
1835,1836
1836,1835
1839,1840
1840,1839
1841,1842
1842,1841
1845,1846
1846,1845
1847,1848
1848,1847
1849,1850
1850,1849
1851,1852
1852,1851
1853,1854
1854,1853
1857,1858
1858,1857
1859,1860
1860,1859
1861,1862
1862,1861
1871,1872
1872,1871
1879,1880
1880,1879
1881,1882
1882,1881
1883,1884
1884,1883
1889,1890
1890,1889
1891,1892
1892,1891
1893,1894
1894,1893
1895,1896
1896,1895
1899,1900
1900,1899
1903,1904
1904,1903
1907,1908
1908,1907
1909,1910
1910,1909
1911,1912
1912,1911
1913,1914
1914,1913
1915,1916
1916,1915
1917,1918
1918,1917
1919,1920
1920,1919
1921,1922
1922,1921
1923,1924
1924,1923
1925,1926
1926,1925
1931,1932
1932,1931
1933,1934
1934,1933
1935,1936
1936,1935
1937,1938
1938,1937
1939,1940
1940,1939
1941,1942
1942,1941
1947,1948
1948,1947
1949,1950
1950,1949
1951,1952
1952,1951
1953,1954
1954,1953
1955,1956
1956,1955
1957,1958
1958,1957
1959,1960
1960,1959
1961,1962
1962,1961
1963,1964
1964,1963
1967,1968
1968,1967
1971,1972
1972,1971
1973,1974
1974,1973
1977,1978
1978,1977
1983,1984
1984,1983
1985,1986
1986,1985
1987,1988
1988,1987
1993,1994
1994,1993
1995,1996
1996,1995
1997,1998
1998,1997
1999,2000
2000,1999
2003,2004
2004,2003
2009,2010
2010,2009
2013,2014
2014,2013
2017,2018
2018,2017
2021,2022
2022,2021
2025,2026
2026,2025
2027,2028
2028,2027
2029,2030
2030,2029
2035,2036
2036,2035
2041,2042
2042,2041
2043,2044
2044,2043
2045,2046
2046,2045
2047,2048
2048,2047
2049,2050
2050,2049
2055,2056
2056,2055
2059,2060
2060,2059
2063,2064
2064,2063
2065,2066
2066,2065
2069,2070
2070,2069
2073,2074
2074,2073
2075,2076
2076,2075
2077,2078
2078,2077
2079,2080
2080,2079
2083,2084
2084,2083
2089,2090
2090,2089
2091,2092
2092,2091
2097,2098
2098,2097
2099,2100
2100,2099
2101,2102
2102,2101
2103,2104
2104,2103
2107,2108
2108,2107
2111,2112
2112,2111
2115,2116
2116,2115
2117,2118
2118,2117
2119,2120
2120,2119
2123,2124
2124,2123
2125,2126
2126,2125
2127,2128
2128,2127
2129,2130
2130,2129
2131,2132
2132,2131
2135,2136
2136,2135
2139,2140
2140,2139
2141,2142
2142,2141
2143,2144
2144,2143
2145,2146
2146,2145
2147,2148
2148,2147
2149,2150
2150,2149
2151,2152
2152,2151
2153,2154
2154,2153
2155,2156
2156,2155
2159,2160
2160,2159
2165,2166
2166,2165
2167,2168
2168,2167
2171,2172
2172,2171
2173,2174
2174,2173
2177,2178
2178,2177
2179,2180
2180,2179
2181,2182
2182,2181
2185,2186
2186,2185
2187,2188
2188,2187
2189,2190
2190,2189
2191,2192
2192,2191
2193,2194
2194,2193
2195,2196
2196,2195
2197,2198
2198,2197
2201,2202
2202,2201
2203,2204
2204,2203
2207,2208
2208,2207
2209,2210
2210,2209
2213,2214
2214,2213
2217,2218
2218,2217
2219,2220
2220,2219
2223,2224
2224,2223
2229,2230
2230,2229
2231,2232
2232,2231
2235,2236
2236,2235
2237,2238
2238,2237
2239,2240
2240,2239
2247,2248
2248,2247
2251,2252
2252,2251
2257,2258
2258,2257
2259,2260
2260,2259
2261,2262
2262,2261
2263,2264
2264,2263
2267,2268
2268,2267
2271,2272
2272,2271
2275,2276
2276,2275
2277,2278
2278,2277
2283,2284
2284,2283
2285,2286
2286,2285
2287,2288
2288,2287
2291,2292
2292,2291
2293,2294
2294,2293
2295,2296
2296,2295
2299,2300
2300,2299
2301,2302
2302,2301
2303,2304
2304,2303
2307,2308
2308,2307
2311,2312
2312,2311
2313,2314
2314,2313
2319,2320
2320,2319
2321,2322
2322,2321
2325,2326
2326,2325
2329,2330
2330,2329
2335,2336
2336,2335
2337,2338
2338,2337
2341,2342
2342,2341
2343,2344
2344,2343
2345,2346
2346,2345
2347,2348
2348,2347
2349,2350
2350,2349
2353,2354
2354,2353
2355,2356
2356,2355
2359,2360
2360,2359
2361,2362
2362,2361
2363,2364
2364,2363
2365,2366
2366,2365
2367,2368
2368,2367
2369,2370
2370,2369
2371,2372
2372,2371
2375,2376
2376,2375
2377,2378
2378,2377
2385,2386
2386,2385
2387,2388
2388,2387
2389,2390
2390,2389
2395,2396
2396,2395
2397,2398
2398,2397
2399,2400
2400,2399
2401,2402
2402,2401
2403,2404
2404,2403
2407,2408
2408,2407
2411,2412
2412,2411
2417,2418
2418,2417
2419,2420
2420,2419
2421,2422
2422,2421
2423,2424
2424,2423
2425,2426
2426,2425
2427,2428
2428,2427
2429,2430
2430,2429
2431,2432
2432,2431
2433,2434
2434,2433
2435,2436
2436,2435
2437,2438
2438,2437
2439,2440
2440,2439
2441,2442
2442,2441
2445,2446
2446,2445
2447,2448
2448,2447
2451,2452
2452,2451
2453,2454
2454,2453
2455,2456
2456,2455
2457,2458
2458,2457
2459,2460
2460,2459
2461,2462
2462,2461
2465,2466
2466,2465
2471,2472
2472,2471
2473,2474
2474,2473
2475,2476
2476,2475
2477,2478
2478,2477
2479,2480
2480,2479
2481,2482
2482,2481
2485,2486
2486,2485
2487,2488
2488,2487
2489,2490
2490,2489
2491,2492
2492,2491
2501,2502
2502,2501
2505,2506
2506,2505
2507,2508
2508,2507
2509,2510
2510,2509
2513,2514
2514,2513
2519,2520
2520,2519
2521,2522
2522,2521
2523,2524
2524,2523
2525,2526
2526,2525
2527,2528
2528,2527
2529,2530
2530,2529
2531,2532
2532,2531
2533,2534
2534,2533
2535,2536
2536,2535
2537,2538
2538,2537
2539,2540
2540,2539
2541,2542
2542,2541
2543,2544
2544,2543
2551,2552
2552,2551
2553,2554
2554,2553
2555,2556
2556,2555
2561,2562
2562,2561
2563,2564
2564,2563
2565,2566
2566,2565
2569,2570
2570,2569
2571,2572
2572,2571
2573,2574
2574,2573
2577,2578
2578,2577
2579,2580
2580,2579
2581,2582
2582,2581
2583,2584
2584,2583
2587,2588
2588,2587
2591,2592
2592,2591
2593,2594
2594,2593
2595,2596
2596,2595
2597,2598
2598,2597
2599,2600
2600,2599
2601,2602
2602,2601
2603,2604
2604,2603
2605,2606
2606,2605
2607,2608
2608,2607
2609,2610
2610,2609
2615,2616
2616,2615
2617,2618
2618,2617
2621,2622
2622,2621
2623,2624
2624,2623
2625,2626
2626,2625
2627,2628
2628,2627
2629,2630
2630,2629
2631,2632
2632,2631
2633,2634
2634,2633
2635,2636
2636,2635
2639,2640
2640,2639
2641,2642
2642,2641
2643,2644
2644,2643
2645,2646
2646,2645
2647,2648
2648,2647
2649,2650
2650,2649
2651,2652
2652,2651
2653,2654
2654,2653
2655,2656
2656,2655
2657,2658
2658,2657
2661,2662
2662,2661
2663,2664
2664,2663
2665,2666
2666,2665
2669,2670
2670,2669
2679,2680
2680,2679
2693,2694
2694,2693
2695,2696
2696,2695
2697,2698
2698,2697
2699,2700
2700,2699
2703,2704
2704,2703
2705,2706
2706,2705
2713,2714
2714,2713
2721,2722
2722,2721
2723,2724
2724,2723
2725,2726
2726,2725
2729,2730
2730,2729
2731,2732
2732,2731
2737,2738
2738,2737
2739,2740
2740,2739
2745,2746
2746,2745
2747,2748
2748,2747
2751,2752
2752,2751
2755,2756
2756,2755
2757,2758
2758,2757
2759,2760
2760,2759
2761,2762
2762,2761
2763,2764
2764,2763
2765,2766
2766,2765
2769,2770
2770,2769
2771,2772
2772,2771
2777,2778
2778,2777
2779,2780
2780,2779
2781,2782
2782,2781
2787,2788
2788,2787
2789,2790
2790,2789
2791,2792
2792,2791
2795,2796
2796,2795
2797,2798
2798,2797
2799,2800
2800,2799
2805,2806
2806,2805
2809,2810
2810,2809
2813,2814
2814,2813
2815,2816
2816,2815
2817,2818
2818,2817
2819,2820
2820,2819
2823,2824
2824,2823
2825,2826
2826,2825
2827,2828
2828,2827
2831,2832
2832,2831
2833,2834
2834,2833
2837,2838
2838,2837
2841,2842
2842,2841
2847,2848
2848,2847
2851,2852
2852,2851
2857,2858
2858,2857
2859,2860
2860,2859
2861,2862
2862,2861
2863,2864
2864,2863
2865,2866
2866,2865
2873,2874
2874,2873
2875,2876
2876,2875
2877,2878
2878,2877
2879,2880
2880,2879
2883,2884
2884,2883
2891,2892
2892,2891
2893,2894
2894,2893
2895,2896
2896,2895
2901,2902
2902,2901
2905,2906
2906,2905
2907,2908
2908,2907
2909,2910
2910,2909
2911,2912
2912,2911
2913,2914
2914,2913
2915,2916
2916,2915
2917,2918
2918,2917
2919,2920
2920,2919
2921,2922
2922,2921
2923,2924
2924,2923
2925,2926
2926,2925
2931,2932
2932,2931
2933,2934
2934,2933
2937,2938
2938,2937
2941,2942
2942,2941
2943,2944
2944,2943
2949,2950
2950,2949
2951,2952
2952,2951
2955,2956
2956,2955
2957,2958
2958,2957
2961,2962
2962,2961
2965,2966
2966,2965
2967,2968
2968,2967
2971,2972
2972,2971
2977,2978
2978,2977
2979,2980
2980,2979
2983,2984
2984,2983
2985,2986
2986,2985
2989,2990
2990,2989
2991,2992
2992,2991
2993,2994
2994,2993
3001,3002
3002,3001
3003,3004
3004,3003
3005,3006
3006,3005
3009,3010
3010,3009
3011,3012
3012,3011
3013,3014
3014,3013
3017,3018
3018,3017
3021,3022
3022,3021
3023,3024
3024,3023
3025,3026
3026,3025
3027,3028
3028,3027
3031,3032
3032,3031
3033,3034
3034,3033
3035,3036
3036,3035
3047,3048
3048,3047
3049,3050
3050,3049
3051,3052
3052,3051
3053,3054
3054,3053
3055,3056
3056,3055
3059,3060
3060,3059
3061,3062
3062,3061
3065,3066
3066,3065
3067,3068
3068,3067
3069,3070
3070,3069
3073,3074
3074,3073
3075,3076
3076,3075
3077,3078
3078,3077
3083,3084
3084,3083
3087,3088
3088,3087
3091,3092
3092,3091
3093,3094
3094,3093
3097,3098
3098,3097
3099,3100
3100,3099
3101,3102
3102,3101
3109,3110
3110,3109
3111,3112
3112,3111
3115,3116
3116,3115
3119,3120
3120,3119
3121,3122
3122,3121
3125,3126
3126,3125
3127,3128
3128,3127
3133,3134
3134,3133
3135,3136
3136,3135
3137,3138
3138,3137
3139,3140
3140,3139
3141,3142
3142,3141
3143,3144
3144,3143
3147,3148
3148,3147
3149,3150
3150,3149
3151,3152
3152,3151
3153,3154
3154,3153
3159,3160
3160,3159
3161,3162
3162,3161
3163,3164
3164,3163
3165,3166
3166,3165
3167,3168
3168,3167
3171,3172
3172,3171
3173,3174
3174,3173
3175,3176
3176,3175
3177,3178
3178,3177
3185,3186
3186,3185
3189,3190
3190,3189
3191,3192
3192,3191
3193,3194
3194,3193
3197,3198
3198,3197
3199,3200
3200,3199
3205,3206
3206,3205
3209,3210
3210,3209
3213,3214
3214,3213
3215,3216
3216,3215
3219,3220
3220,3219
3223,3224
3224,3223
3225,3226
3226,3225
3227,3228
3228,3227
3229,3230
3230,3229
3231,3232
3232,3231
3233,3234
3234,3233
3237,3238
3238,3237
3239,3240
3240,3239
3247,3248
3248,3247
3253,3254
3254,3253
3255,3256
3256,3255
3257,3258
3258,3257
3265,3266
3266,3265
3267,3268
3268,3267
3269,3270
3270,3269
3271,3272
3272,3271
3273,3274
3274,3273
3275,3276
3276,3275
3283,3284
3284,3283
3287,3288
3288,3287
3289,3290
3290,3289
3291,3292
3292,3291
3293,3294
3294,3293
3299,3300
3300,3299
3301,3302
3302,3301
3307,3308
3308,3307
3311,3312
3312,3311
3317,3318
3318,3317
3319,3320
3320,3319
3323,3324
3324,3323
3327,3328
3328,3327
3333,3334
3334,3333
3335,3336
3336,3335
3339,3340
3340,3339
3341,3342
3342,3341
3345,3346
3346,3345
3347,3348
3348,3347
3349,3350
3350,3349
3353,3354
3354,3353
3355,3356
3356,3355
3357,3358
3358,3357
3359,3360
3360,3359
3363,3364
3364,3363
3365,3366
3366,3365
3369,3370
3370,3369
3371,3372
3372,3371
3377,3378
3378,3377
3379,3380
3380,3379
3381,3382
3382,3381
3385,3386
3386,3385
3387,3388
3388,3387
3391,3392
3392,3391
3393,3394
3394,3393
3399,3400
3400,3399
3403,3404
3404,3403
3407,3408
3408,3407
3409,3410
3410,3409
3411,3412
3412,3411
3413,3414
3414,3413
3417,3418
3418,3417
3419,3420
3420,3419
3421,3422
3422,3421
3423,3424
3424,3423
3425,3426
3426,3425
3429,3430
3430,3429
3431,3432
3432,3431
3433,3434
3434,3433
3435,3436
3436,3435
3439,3440
3440,3439
3447,3448
3448,3447
3449,3450
3450,3449
3451,3452
3452,3451
3455,3456
3456,3455
3459,3460
3460,3459
3461,3462
3462,3461
3465,3466
3466,3465
3469,3470
3470,3469
3477,3478
3478,3477
3479,3480
3480,3479
3489,3490
3490,3489
3493,3494
3494,3493
3495,3496
3496,3495
3497,3498
3498,3497
3503,3504
3504,3503
3505,3506
3506,3505
3507,3508
3508,3507
3513,3514
3514,3513
3515,3516
3516,3515
3519,3520
3520,3519
3521,3522
3522,3521
3525,3526
3526,3525
3527,3528
3528,3527
3529,3530
3530,3529
3531,3532
3532,3531
3535,3536
3536,3535
3539,3540
3540,3539
3541,3542
3542,3541
3545,3546
3546,3545
3547,3548
3548,3547
3549,3550
3550,3549
3551,3552
3552,3551
3553,3554
3554,3553
3555,3556
3556,3555
3557,3558
3558,3557
3561,3562
3562,3561
3563,3564
3564,3563
3567,3568
3568,3567
3569,3570
3570,3569
3577,3578
3578,3577
3583,3584
3584,3583
3585,3586
3586,3585
3587,3588
3588,3587
3589,3590
3590,3589
3593,3594
3594,3593
3595,3596
3596,3595
3597,3598
3598,3597
3599,3600
3600,3599
3601,3602
3602,3601
3603,3604
3604,3603
3605,3606
3606,3605
3607,3608
3608,3607
3609,3610
3610,3609
3611,3612
3612,3611
3615,3616
3616,3615
3621,3622
3622,3621
3623,3624
3624,3623
3625,3626
3626,3625
3627,3628
3628,3627
3629,3630
3630,3629
3637,3638
3638,3637
3643,3644
3644,3643
3649,3650
3650,3649
3651,3652
3652,3651
3655,3656
3656,3655
3657,3658
3658,3657
3659,3660
3660,3659
3661,3662
3662,3661
3665,3666
3666,3665
3667,3668
3668,3667
3669,3670
3670,3669
3671,3672
3672,3671
3673,3674
3674,3673
3675,3676
3676,3675
3681,3682
3682,3681
3685,3686
3686,3685
3689,3690
3690,3689
3691,3692
3692,3691
3693,3694
3694,3693
3695,3696
3696,3695
3699,3700
3700,3699
3701,3702
3702,3701
3703,3704
3704,3703
3705,3706
3706,3705
3707,3708
3708,3707
3709,3710
3710,3709
3715,3716
3716,3715
3717,3718
3718,3717
3719,3720
3720,3719
3721,3722
3722,3721
3725,3726
3726,3725
3727,3728
3728,3727
3731,3732
3732,3731
3733,3734
3734,3733
3735,3736
3736,3735
3739,3740
3740,3739
3743,3744
3744,3743
3745,3746
3746,3745
3747,3748
3748,3747
3749,3750
3750,3749
3753,3754
3754,3753
3755,3756
3756,3755
3759,3760
3760,3759
3761,3762
3762,3761
3763,3764
3764,3763
3765,3766
3766,3765
3767,3768
3768,3767
3769,3770
3770,3769
3771,3772
3772,3771
3775,3776
3776,3775
3777,3778
3778,3777
3779,3780
3780,3779
3781,3782
3782,3781
3785,3786
3786,3785
3787,3788
3788,3787
3789,3790
3790,3789
3791,3792
3792,3791
3793,3794
3794,3793
3795,3796
3796,3795
3797,3798
3798,3797
3799,3800
3800,3799
3803,3804
3804,3803
3807,3808
3808,3807
3809,3810
3810,3809
3811,3812
3812,3811
3813,3814
3814,3813
3815,3816
3816,3815
3817,3818
3818,3817
3819,3820
3820,3819
3823,3824
3824,3823
3827,3828
3828,3827
3831,3832
3832,3831
3833,3834
3834,3833
3837,3838
3838,3837
3839,3840
3840,3839
3841,3842
3842,3841
3843,3844
3844,3843
3845,3846
3846,3845
3847,3848
3848,3847
3849,3850
3850,3849
3851,3852
3852,3851
3853,3854
3854,3853
3855,3856
3856,3855
3857,3858
3858,3857
3859,3860
3860,3859
3861,3862
3862,3861
3863,3864
3864,3863
3867,3868
3868,3867
3871,3872
3872,3871
3875,3876
3876,3875
3877,3878
3878,3877
3879,3880
3880,3879
3881,3882
3882,3881
3883,3884
3884,3883
3885,3886
3886,3885
3889,3890
3890,3889
3893,3894
3894,3893
3897,3898
3898,3897
3899,3900
3900,3899
3901,3902
3902,3901
3903,3904
3904,3903
3905,3906
3906,3905
3911,3912
3912,3911
3913,3914
3914,3913
3919,3920
3920,3919
3921,3922
3922,3921
3925,3926
3926,3925
3927,3928
3928,3927
3931,3932
3932,3931
3933,3934
3934,3933
3935,3936
3936,3935
3937,3938
3938,3937
3941,3942
3942,3941
3943,3944
3944,3943
3945,3946
3946,3945
3951,3952
3952,3951
3953,3954
3954,3953
3957,3958
3958,3957
3959,3960
3960,3959
3961,3962
3962,3961
3963,3964
3964,3963
3969,3970
3970,3969
3971,3972
3972,3971
3973,3974
3974,3973
3975,3976
3976,3975
3977,3978
3978,3977
3979,3980
3980,3979
3983,3984
3984,3983
3987,3988
3988,3987
3989,3990
3990,3989
3991,3992
3992,3991
3995,3996
3996,3995
3997,3998
3998,3997
3999,4000
4000,3999
4001,4002
4002,4001
4003,4004
4004,4003
4005,4006
4006,4005
4007,4008
4008,4007
4009,4010
4010,4009
4011,4012
4012,4011
4013,4014
4014,4013
4015,4016
4016,4015
4017,4018
4018,4017
4021,4022
4022,4021
4023,4024
4024,4023
4027,4028
4028,4027
4031,4032
4032,4031
4033,4034
4034,4033
4035,4036
4036,4035
4037,4038
4038,4037
4039,4040
4040,4039
4045,4046
4046,4045
4047,4048
4048,4047
4049,4050
4050,4049
4053,4054
4054,4053
4057,4058
4058,4057
4059,4060
4060,4059
4061,4062
4062,4061
4065,4066
4066,4065
4067,4068
4068,4067
4069,4070
4070,4069
4071,4072
4072,4071
4073,4074
4074,4073
4077,4078
4078,4077
4081,4082
4082,4081
4085,4086
4086,4085
4087,4088
4088,4087
4089,4090
4090,4089
4091,4092
4092,4091
4097,4098
4098,4097
4099,4100
4100,4099
4101,4102
4102,4101
4103,4104
4104,4103
4105,4106
4106,4105
4109,4110
4110,4109
4113,4114
4114,4113
4115,4116
4116,4115
4117,4118
4118,4117
4121,4122
4122,4121
4123,4124
4124,4123
4125,4126
4126,4125
4129,4130
4130,4129
4133,4134
4134,4133
4137,4138
4138,4137
4143,4144
4144,4143
4145,4146
4146,4145
4151,4152
4152,4151
4153,4154
4154,4153
4157,4158
4158,4157
4159,4160
4160,4159
4161,4162
4162,4161
4163,4164
4164,4163
4165,4166
4166,4165
4167,4168
4168,4167
4169,4170
4170,4169
4183,4184
4184,4183
4185,4186
4186,4185
4187,4188
4188,4187
4191,4192
4192,4191
4193,4194
4194,4193
4203,4204
4204,4203
4207,4208
4208,4207
4209,4210
4210,4209
4211,4212
4212,4211
4213,4214
4214,4213
4217,4218
4218,4217
4219,4220
4220,4219
4221,4222
4222,4221
4223,4224
4224,4223
4227,4228
4228,4227
4229,4230
4230,4229
4231,4232
4232,4231
4233,4234
4234,4233
4235,4236
4236,4235
4237,4238
4238,4237
4239,4240
4240,4239
4243,4244
4244,4243
4247,4248
4248,4247
4249,4250
4250,4249
4253,4254
4254,4253
4257,4258
4258,4257
4259,4260
4260,4259
4261,4262
4262,4261
4263,4264
4264,4263
4269,4270
4270,4269
4271,4272
4272,4271
4273,4274
4274,4273
4275,4276
4276,4275
4277,4278
4278,4277
4287,4288
4288,4287
4289,4290
4290,4289
4291,4292
4292,4291
4293,4294
4294,4293
4295,4296
4296,4295
4299,4300
4300,4299
4305,4306
4306,4305
4307,4308
4308,4307
4309,4310
4310,4309
4313,4314
4314,4313
4315,4316
4316,4315
4317,4318
4318,4317
4319,4320
4320,4319
4321,4322
4322,4321
4323,4324
4324,4323
4327,4328
4328,4327
4329,4330
4330,4329
4331,4332
4332,4331
4335,4336
4336,4335
4337,4338
4338,4337
4341,4342
4342,4341
4343,4344
4344,4343
4347,4348
4348,4347
4349,4350
4350,4349
4351,4352
4352,4351
4353,4354
4354,4353
4355,4356
4356,4355
4361,4362
4362,4361
4363,4364
4364,4363
4365,4366
4366,4365
4367,4368
4368,4367
4371,4372
4372,4371
4377,4378
4378,4377
4379,4380
4380,4379
4383,4384
4384,4383
4385,4386
4386,4385
4389,4390
4390,4389
4391,4392
4392,4391
4393,4394
4394,4393
4395,4396
4396,4395
4397,4398
4398,4397
4401,4402
4402,4401
4403,4404
4404,4403
4405,4406
4406,4405
4411,4412
4412,4411
4419,4420
4420,4419
4423,4424
4424,4423
4427,4428
4428,4427
4433,4434
4434,4433
4435,4436
4436,4435
4437,4438
4438,4437
4439,4440
4440,4439
4441,4442
4442,4441
4443,4444
4444,4443
4445,4446
4446,4445
4451,4452
4452,4451
4453,4454
4454,4453
4461,4462
4462,4461
4465,4466
4466,4465
4467,4468
4468,4467
4469,4470
4470,4469
4471,4472
4472,4471
4473,4474
4474,4473
4475,4476
4476,4475
4479,4480
4480,4479
4483,4484
4484,4483
4485,4486
4486,4485
4487,4488
4488,4487
4489,4490
4490,4489
4491,4492
4492,4491
4495,4496
4496,4495
4499,4500
4500,4499
4501,4502
4502,4501
4505,4506
4506,4505
4507,4508
4508,4507
4509,4510
4510,4509
4511,4512
4512,4511
4515,4516
4516,4515
4517,4518
4518,4517
4521,4522
4522,4521
4527,4528
4528,4527
4529,4530
4530,4529
4531,4532
4532,4531
4535,4536
4536,4535
4537,4538
4538,4537
4539,4540
4540,4539
4541,4542
4542,4541
4543,4544
4544,4543
4547,4548
4548,4547
4549,4550
4550,4549
4551,4552
4552,4551
4553,4554
4554,4553
4555,4556
4556,4555
4557,4558
4558,4557
4559,4560
4560,4559
4561,4562
4562,4561
4565,4566
4566,4565
4567,4568
4568,4567
4575,4576
4576,4575
4577,4578
4578,4577
4579,4580
4580,4579
4581,4582
4582,4581
4583,4584
4584,4583
4585,4586
4586,4585
4589,4590
4590,4589
4593,4594
4594,4593
4595,4596
4596,4595
4597,4598
4598,4597
4603,4604
4604,4603
4605,4606
4606,4605
4609,4610
4610,4609
4617,4618
4618,4617
4623,4624
4624,4623
4625,4626
4626,4625
4629,4630
4630,4629
4631,4632
4632,4631
4633,4634
4634,4633
4635,4636
4636,4635
4637,4638
4638,4637
4639,4640
4640,4639
4641,4642
4642,4641
4643,4644
4644,4643
4645,4646
4646,4645
4647,4648
4648,4647
4651,4652
4652,4651
4653,4654
4654,4653
4655,4656
4656,4655
4659,4660
4660,4659
4665,4666
4666,4665
4667,4668
4668,4667
4669,4670
4670,4669
4671,4672
4672,4671
4673,4674
4674,4673
4675,4676
4676,4675
4681,4682
4682,4681
4683,4684
4684,4683
4685,4686
4686,4685
4687,4688
4688,4687
4689,4690
4690,4689
4693,4694
4694,4693
4695,4696
4696,4695
4697,4698
4698,4697
4699,4700
4700,4699
4703,4704
4704,4703
4705,4706
4706,4705
4707,4708
4708,4707
4709,4710
4710,4709
4711,4712
4712,4711
4713,4714
4714,4713
4717,4718
4718,4717
4719,4720
4720,4719
4721,4722
4722,4721
4725,4726
4726,4725
4731,4732
4732,4731
4735,4736
4736,4735
4737,4738
4738,4737
4739,4740
4740,4739
4741,4742
4742,4741
4743,4744
4744,4743
4745,4746
4746,4745
4749,4750
4750,4749
4751,4752
4752,4751
4753,4754
4754,4753
4755,4756
4756,4755
4761,4762
4762,4761
4763,4764
4764,4763
4765,4766
4766,4765
4769,4770
4770,4769
4775,4776
4776,4775
4777,4778
4778,4777
4779,4780
4780,4779
4787,4788
4788,4787
4789,4790
4790,4789
4797,4798
4798,4797
4799,4800
4800,4799
4801,4802
4802,4801
4803,4804
4804,4803
4807,4808
4808,4807
4809,4810
4810,4809
4811,4812
4812,4811
4813,4814
4814,4813
4815,4816
4816,4815
4817,4818
4818,4817
4819,4820
4820,4819
4821,4822
4822,4821
4823,4824
4824,4823
4825,4826
4826,4825
4827,4828
4828,4827
4833,4834
4834,4833
4835,4836
4836,4835
4841,4842
4842,4841
4843,4844
4844,4843
4849,4850
4850,4849
4851,4852
4852,4851
4853,4854
4854,4853
4855,4856
4856,4855
4857,4858
4858,4857
4861,4862
4862,4861
4863,4864
4864,4863
4875,4876
4876,4875
4883,4884
4884,4883
4889,4890
4890,4889
4893,4894
4894,4893
4895,4896
4896,4895
4897,4898
4898,4897
4901,4902
4902,4901
4907,4908
4908,4907
4909,4910
4910,4909
4911,4912
4912,4911
4915,4916
4916,4915
4917,4918
4918,4917
4919,4920
4920,4919
4921,4922
4922,4921
4925,4926
4926,4925
4929,4930
4930,4929
4933,4934
4934,4933
4935,4936
4936,4935
4937,4938
4938,4937
4939,4940
4940,4939
4943,4944
4944,4943
4947,4948
4948,4947
4949,4950
4950,4949
4951,4952
4952,4951
4953,4954
4954,4953
4957,4958
4958,4957
4959,4960
4960,4959
4963,4964
4964,4963
4965,4966
4966,4965
4967,4968
4968,4967
4971,4972
4972,4971
4973,4974
4974,4973
4975,4976
4976,4975
4977,4978
4978,4977
4979,4980
4980,4979
4981,4982
4982,4981
4985,4986
4986,4985
4987,4988
4988,4987
4993,4994
4994,4993
4997,4998
4998,4997
4999,5000
5000,4999
5011,5012
5012,5011
5013,5014
5014,5013
5015,5016
5016,5015
5017,5018
5018,5017
5019,5020
5020,5019
5021,5022
5022,5021
5023,5024
5024,5023
5025,5026
5026,5025
5029,5030
5030,5029
5031,5032
5032,5031
5033,5034
5034,5033
5037,5038
5038,5037
5039,5040
5040,5039
5041,5042
5042,5041
5043,5044
5044,5043
5045,5046
5046,5045
5047,5048
5048,5047
5049,5050
5050,5049
5051,5052
5052,5051
5053,5054
5054,5053
5055,5056
5056,5055
5057,5058
5058,5057
5059,5060
5060,5059
5065,5066
5066,5065
5069,5070
5070,5069
5071,5072
5072,5071
5073,5074
5074,5073
5077,5078
5078,5077
5081,5082
5082,5081
5093,5094
5094,5093
5095,5096
5096,5095
5097,5098
5098,5097
5105,5106
5106,5105
5111,5112
5112,5111
5113,5114
5114,5113
5117,5118
5118,5117
5119,5120
5120,5119
5123,5124
5124,5123
5131,5132
5132,5131
5133,5134
5134,5133
5135,5136
5136,5135
5139,5140
5140,5139
5141,5142
5142,5141
5143,5144
5144,5143
5147,5148
5148,5147
5151,5152
5152,5151
5153,5154
5154,5153
5155,5156
5156,5155
5157,5158
5158,5157
5159,5160
5160,5159
5161,5162
5162,5161
5165,5166
5166,5165
5169,5170
5170,5169
5171,5172
5172,5171
5173,5174
5174,5173
5175,5176
5176,5175
5177,5178
5178,5177
5179,5180
5180,5179
5183,5184
5184,5183
5185,5186
5186,5185
5189,5190
5190,5189
5191,5192
5192,5191
5193,5194
5194,5193
5195,5196
5196,5195
5201,5202
5202,5201
5203,5204
5204,5203
5205,5206
5206,5205
5207,5208
5208,5207
5209,5210
5210,5209
5211,5212
5212,5211
5213,5214
5214,5213
5215,5216
5216,5215
5217,5218
5218,5217
5221,5222
5222,5221
5223,5224
5224,5223
5229,5230
5230,5229
5235,5236
5236,5235
5239,5240
5240,5239
5241,5242
5242,5241
5243,5244
5244,5243
5245,5246
5246,5245
5247,5248
5248,5247
5251,5252
5252,5251
5253,5254
5254,5253
5257,5258
5258,5257
5259,5260
5260,5259
5261,5262
5262,5261
5265,5266
5266,5265
5267,5268
5268,5267
5271,5272
5272,5271
5273,5274
5274,5273
5279,5280
5280,5279
5281,5282
5282,5281
5283,5284
5284,5283
5285,5286
5286,5285
5287,5288
5288,5287
5289,5290
5290,5289
5291,5292
5292,5291
5295,5296
5296,5295
5301,5302
5302,5301
5305,5306
5306,5305
5307,5308
5308,5307
5311,5312
5312,5311
5313,5314
5314,5313
5317,5318
5318,5317
5325,5326
5326,5325
5327,5328
5328,5327
5331,5332
5332,5331
5341,5342
5342,5341
5347,5348
5348,5347
5349,5350
5350,5349
5351,5352
5352,5351
5355,5356
5356,5355
5363,5364
5364,5363
5367,5368
5368,5367
5369,5370
5370,5369
5373,5374
5374,5373
5377,5378
5378,5377
5379,5380
5380,5379
5381,5382
5382,5381
5383,5384
5384,5383
5387,5388
5388,5387
5389,5390
5390,5389
5391,5392
5392,5391
5393,5394
5394,5393
5397,5398
5398,5397
5399,5400
5400,5399
5401,5402
5402,5401
5403,5404
5404,5403
5407,5408
5408,5407
5409,5410
5410,5409
5411,5412
5412,5411
5417,5418
5418,5417
5419,5420
5420,5419
5421,5422
5422,5421
5423,5424
5424,5423
5427,5428
5428,5427
5431,5432
5432,5431
5433,5434
5434,5433
5435,5436
5436,5435
5439,5440
5440,5439
5443,5444
5444,5443
5447,5448
5448,5447
5451,5452
5452,5451
5455,5456
5456,5455
5457,5458
5458,5457
5463,5464
5464,5463
5467,5468
5468,5467
5473,5474
5474,5473
5475,5476
5476,5475
5477,5478
5478,5477
5479,5480
5480,5479
5481,5482
5482,5481
5483,5484
5484,5483
5485,5486
5486,5485
5489,5490
5490,5489
5491,5492
5492,5491
5493,5494
5494,5493
5495,5496
5496,5495
5497,5498
5498,5497
5499,5500
5500,5499
5503,5504
5504,5503
5507,5508
5508,5507
5509,5510
5510,5509
5511,5512
5512,5511
5517,5518
5518,5517
5519,5520
5520,5519
5521,5522
5522,5521
5523,5524
5524,5523
5525,5526
5526,5525
5527,5528
5528,5527
5531,5532
5532,5531
5539,5540
5540,5539
5541,5542
5542,5541
5543,5544
5544,5543
5547,5548
5548,5547
5549,5550
5550,5549
5553,5554
5554,5553
5555,5556
5556,5555
5557,5558
5558,5557
5559,5560
5560,5559
5561,5562
5562,5561
5565,5566
5566,5565
5571,5572
5572,5571
5573,5574
5574,5573
5581,5582
5582,5581
5585,5586
5586,5585
5589,5590
5590,5589
5591,5592
5592,5591
5593,5594
5594,5593
5597,5598
5598,5597
5599,5600
5600,5599
5601,5602
5602,5601
5603,5604
5604,5603
5605,5606
5606,5605
5607,5608
5608,5607
5609,5610
5610,5609
5611,5612
5612,5611
5613,5614
5614,5613
5615,5616
5616,5615
5619,5620
5620,5619
5621,5622
5622,5621
5623,5624
5624,5623
5625,5626
5626,5625
5629,5630
5630,5629
5631,5632
5632,5631
5637,5638
5638,5637
5645,5646
5646,5645
5653,5654
5654,5653
5655,5656
5656,5655
5659,5660
5660,5659
5665,5666
5666,5665
5667,5668
5668,5667
5669,5670
5670,5669
5671,5672
5672,5671
5679,5680
5680,5679
5681,5682
5682,5681
5683,5684
5684,5683
5685,5686
5686,5685
5687,5688
5688,5687
5691,5692
5692,5691
5693,5694
5694,5693
5697,5698
5698,5697
5699,5700
5700,5699
5703,5704
5704,5703
5705,5706
5706,5705
5707,5708
5708,5707
5709,5710
5710,5709
5711,5712
5712,5711
5713,5714
5714,5713
5715,5716
5716,5715
5717,5718
5718,5717
5719,5720
5720,5719
5725,5726
5726,5725
5729,5730
5730,5729
5731,5732
5732,5731
5733,5734
5734,5733
5735,5736
5736,5735
5739,5740
5740,5739
5745,5746
5746,5745
5747,5748
5748,5747
5749,5750
5750,5749
5751,5752
5752,5751
5757,5758
5758,5757
5765,5766
5766,5765
5767,5768
5768,5767
5769,5770
5770,5769
5771,5772
5772,5771
5773,5774
5774,5773
5775,5776
5776,5775
5777,5778
5778,5777
5781,5782
5782,5781
5783,5784
5784,5783
5787,5788
5788,5787
5789,5790
5790,5789
5791,5792
5792,5791
5795,5796
5796,5795
5797,5798
5798,5797
5799,5800
5800,5799
5803,5804
5804,5803
5805,5806
5806,5805
5807,5808
5808,5807
5809,5810
5810,5809
5811,5812
5812,5811
5813,5814
5814,5813
5815,5816
5816,5815
5817,5818
5818,5817
5819,5820
5820,5819
5823,5824
5824,5823
5825,5826
5826,5825
5827,5828
5828,5827
5829,5830
5830,5829
5837,5838
5838,5837
5839,5840
5840,5839
5843,5844
5844,5843
5849,5850
5850,5849
5851,5852
5852,5851
5853,5854
5854,5853
5859,5860
5860,5859
5861,5862
5862,5861
5863,5864
5864,5863
5871,5872
5872,5871
5873,5874
5874,5873
5877,5878
5878,5877
5879,5880
5880,5879
5881,5882
5882,5881
5885,5886
5886,5885
5887,5888
5888,5887
5893,5894
5894,5893
5895,5896
5896,5895
5897,5898
5898,5897
5899,5900
5900,5899
5903,5904
5904,5903
5907,5908
5908,5907
5909,5910
5910,5909
5911,5912
5912,5911
5915,5916
5916,5915
5917,5918
5918,5917
5919,5920
5920,5919
5921,5922
5922,5921
5923,5924
5924,5923
5925,5926
5926,5925
5927,5928
5928,5927
5929,5930
5930,5929
5935,5936
5936,5935
5937,5938
5938,5937
5945,5946
5946,5945
5953,5954
5954,5953
5955,5956
5956,5955
5957,5958
5958,5957
5961,5962
5962,5961
5965,5966
5966,5965
5967,5968
5968,5967
5969,5970
5970,5969
5971,5972
5972,5971
5973,5974
5974,5973
5977,5978
5978,5977
5981,5982
5982,5981
5983,5984
5984,5983
5989,5990
5990,5989
5991,5992
5992,5991
5993,5994
5994,5993
5995,5996
5996,5995
5997,5998
5998,5997
5999,6000
6000,5999
6001,6002
6002,6001
6005,6006
6006,6005
6007,6008
6008,6007
6009,6010
6010,6009
6017,6018
6018,6017
6019,6020
6020,6019
6021,6022
6022,6021
6027,6028
6028,6027
6029,6030
6030,6029
6031,6032
6032,6031
6033,6034
6034,6033
6035,6036
6036,6035
6039,6040
6040,6039
6043,6044
6044,6043
6045,6046
6046,6045
6051,6052
6052,6051
6053,6054
6054,6053
6055,6056
6056,6055
6057,6058
6058,6057
6059,6060
6060,6059
6063,6064
6064,6063
6069,6070
6070,6069
6071,6072
6072,6071
6073,6074
6074,6073
6075,6076
6076,6075
6077,6078
6078,6077
6079,6080
6080,6079
6081,6082
6082,6081
6083,6084
6084,6083
6085,6086
6086,6085
6089,6090
6090,6089
6093,6094
6094,6093
6095,6096
6096,6095
6097,6098
6098,6097
6101,6102
6102,6101
6103,6104
6104,6103
6109,6110
6110,6109
6111,6112
6112,6111
6113,6114
6114,6113
6115,6116
6116,6115
6117,6118
6118,6117
6119,6120
6120,6119
6121,6122
6122,6121
6125,6126
6126,6125
6127,6128
6128,6127
6133,6134
6134,6133
6135,6136
6136,6135
6137,6138
6138,6137
6141,6142
6142,6141
6143,6144
6144,6143
6145,6146
6146,6145
6147,6148
6148,6147
6149,6150
6150,6149
6151,6152
6152,6151
6153,6154
6154,6153
6155,6156
6156,6155
6159,6160
6160,6159
6163,6164
6164,6163
6165,6166
6166,6165
6169,6170
6170,6169
6171,6172
6172,6171
6173,6174
6174,6173
6175,6176
6176,6175
6183,6184
6184,6183
6185,6186
6186,6185
6191,6192
6192,6191
6195,6196
6196,6195
6197,6198
6198,6197
6203,6204
6204,6203
6205,6206
6206,6205
6207,6208
6208,6207
6209,6210
6210,6209
6211,6212
6212,6211
6213,6214
6214,6213
6223,6224
6224,6223
6229,6230
6230,6229
6231,6232
6232,6231
6235,6236
6236,6235
6237,6238
6238,6237
6239,6240
6240,6239
6241,6242
6242,6241
6243,6244
6244,6243
6247,6248
6248,6247
6249,6250
6250,6249
6251,6252
6252,6251
6255,6256
6256,6255
6261,6262
6262,6261
6263,6264
6264,6263
6265,6266
6266,6265
6267,6268
6268,6267
6269,6270
6270,6269
6271,6272
6272,6271
6273,6274
6274,6273
6275,6276
6276,6275
6279,6280
6280,6279
6285,6286
6286,6285
6287,6288
6288,6287
6291,6292
6292,6291
6293,6294
6294,6293
6295,6296
6296,6295
6297,6298
6298,6297
6301,6302
6302,6301
6303,6304
6304,6303
6305,6306
6306,6305
6307,6308
6308,6307
6311,6312
6312,6311
6313,6314
6314,6313
6315,6316
6316,6315
6317,6318
6318,6317
6319,6320
6320,6319
6323,6324
6324,6323
6333,6334
6334,6333
6339,6340
6340,6339
6341,6342
6342,6341
6343,6344
6344,6343
6347,6348
6348,6347
6349,6350
6350,6349
6351,6352
6352,6351
6353,6354
6354,6353
6361,6362
6362,6361
6365,6366
6366,6365
6367,6368
6368,6367
6371,6372
6372,6371
6381,6382
6382,6381
6389,6390
6390,6389
6393,6394
6394,6393
6399,6400
6400,6399
6401,6402
6402,6401
6403,6404
6404,6403
6405,6406
6406,6405
6407,6408
6408,6407
6409,6410
6410,6409
6411,6412
6412,6411
6413,6414
6414,6413
6415,6416
6416,6415
6419,6420
6420,6419
6421,6422
6422,6421
6423,6424
6424,6423
6425,6426
6426,6425
6429,6430
6430,6429
6433,6434
6434,6433
6437,6438
6438,6437
6439,6440
6440,6439
6441,6442
6442,6441
6443,6444
6444,6443
6445,6446
6446,6445
6447,6448
6448,6447
6449,6450
6450,6449
6451,6452
6452,6451
6453,6454
6454,6453
6455,6456
6456,6455
6457,6458
6458,6457
6459,6460
6460,6459
6461,6462
6462,6461
6463,6464
6464,6463
6465,6466
6466,6465
6467,6468
6468,6467
6473,6474
6474,6473
6475,6476
6476,6475
6477,6478
6478,6477
6479,6480
6480,6479
6483,6484
6484,6483
6485,6486
6486,6485
6487,6488
6488,6487
6489,6490
6490,6489
6491,6492
6492,6491
6495,6496
6496,6495
6499,6500
6500,6499
6501,6502
6502,6501
6505,6506
6506,6505
6511,6512
6512,6511
6515,6516
6516,6515
6517,6518
6518,6517
6523,6524
6524,6523
6529,6530
6530,6529
6531,6532
6532,6531
6537,6538
6538,6537
6539,6540
6540,6539
6541,6542
6542,6541
6543,6544
6544,6543
6553,6554
6554,6553
6555,6556
6556,6555
6561,6562
6562,6561
6565,6566
6566,6565
6573,6574
6574,6573
6575,6576
6576,6575
6577,6578
6578,6577
6579,6580
6580,6579
6583,6584
6584,6583
6585,6586
6586,6585
6587,6588
6588,6587
6593,6594
6594,6593
6601,6602
6602,6601
6605,6606
6606,6605
6609,6610
6610,6609
6611,6612
6612,6611
6615,6616
6616,6615
6619,6620
6620,6619
6621,6622
6622,6621
6623,6624
6624,6623
6625,6626
6626,6625
6629,6630
6630,6629
6631,6632
6632,6631
6633,6634
6634,6633
6635,6636
6636,6635
6637,6638
6638,6637
6639,6640
6640,6639
6641,6642
6642,6641
6643,6644
6644,6643
6645,6646
6646,6645
6647,6648
6648,6647
6649,6650
6650,6649
6655,6656
6656,6655
6657,6658
6658,6657
6659,6660
6660,6659
6663,6664
6664,6663
6671,6672
6672,6671
6675,6676
6676,6675
6677,6678
6678,6677
6681,6682
6682,6681
6683,6684
6684,6683
6687,6688
6688,6687
6689,6690
6690,6689
6691,6692
6692,6691
6693,6694
6694,6693
6695,6696
6696,6695
6699,6700
6700,6699
6703,6704
6704,6703
6705,6706
6706,6705
6707,6708
6708,6707
6711,6712
6712,6711
6715,6716
6716,6715
6717,6718
6718,6717
6719,6720
6720,6719
6721,6722
6722,6721
6725,6726
6726,6725
6727,6728
6728,6727
6735,6736
6736,6735
6737,6738
6738,6737
6741,6742
6742,6741
6743,6744
6744,6743
6745,6746
6746,6745
6749,6750
6750,6749
6751,6752
6752,6751
6753,6754
6754,6753
6757,6758
6758,6757
6759,6760
6760,6759
6765,6766
6766,6765
6769,6770
6770,6769
6775,6776
6776,6775
6785,6786
6786,6785
6789,6790
6790,6789
6791,6792
6792,6791
6793,6794
6794,6793
6799,6800
6800,6799
6801,6802
6802,6801
6803,6804
6804,6803
6805,6806
6806,6805
6807,6808
6808,6807
6809,6810
6810,6809
6813,6814
6814,6813
6815,6816
6816,6815
6817,6818
6818,6817
6819,6820
6820,6819
6823,6824
6824,6823
6825,6826
6826,6825
6829,6830
6830,6829
6837,6838
6838,6837
6839,6840
6840,6839
6843,6844
6844,6843
6845,6846
6846,6845
6847,6848
6848,6847
6849,6850
6850,6849
6851,6852
6852,6851
6853,6854
6854,6853
6855,6856
6856,6855
6857,6858
6858,6857
6859,6860
6860,6859
6861,6862
6862,6861
6865,6866
6866,6865
6867,6868
6868,6867
6869,6870
6870,6869
6873,6874
6874,6873
6875,6876
6876,6875
6877,6878
6878,6877
6879,6880
6880,6879
6881,6882
6882,6881
6885,6886
6886,6885
6889,6890
6890,6889
6891,6892
6892,6891
6893,6894
6894,6893
6895,6896
6896,6895
6897,6898
6898,6897
6899,6900
6900,6899
6903,6904
6904,6903
6905,6906
6906,6905
6907,6908
6908,6907
6909,6910
6910,6909
6911,6912
6912,6911
6917,6918
6918,6917
6921,6922
6922,6921
6929,6930
6930,6929
6931,6932
6932,6931
6933,6934
6934,6933
6939,6940
6940,6939
6941,6942
6942,6941
6943,6944
6944,6943
6945,6946
6946,6945
6949,6950
6950,6949
6951,6952
6952,6951
6953,6954
6954,6953
6955,6956
6956,6955
6959,6960
6960,6959
6961,6962
6962,6961
6963,6964
6964,6963
6965,6966
6966,6965
6967,6968
6968,6967
6969,6970
6970,6969
6971,6972
6972,6971
6977,6978
6978,6977
6979,6980
6980,6979
6981,6982
6982,6981
6983,6984
6984,6983
6985,6986
6986,6985
6987,6988
6988,6987
6989,6990
6990,6989
6997,6998
6998,6997
6999,7000
7000,6999
7001,7002
7002,7001
7003,7004
7004,7003
7007,7008
7008,7007
7009,7010
7010,7009
7011,7012
7012,7011
7013,7014
7014,7013
7015,7016
7016,7015
7017,7018
7018,7017
7019,7020
7020,7019
7021,7022
7022,7021
7023,7024
7024,7023
7029,7030
7030,7029
7031,7032
7032,7031
7033,7034
7034,7033
7037,7038
7038,7037
7043,7044
7044,7043
7045,7046
7046,7045
7051,7052
7052,7051
7053,7054
7054,7053
7057,7058
7058,7057
7065,7066
7066,7065
7067,7068
7068,7067
7071,7072
7072,7071
7073,7074
7074,7073
7077,7078
7078,7077
7079,7080
7080,7079
7081,7082
7082,7081
7083,7084
7084,7083
7085,7086
7086,7085
7087,7088
7088,7087
7089,7090
7090,7089
7091,7092
7092,7091
7097,7098
7098,7097
7103,7104
7104,7103
7107,7108
7108,7107
7109,7110
7110,7109
7111,7112
7112,7111
7115,7116
7116,7115
7117,7118
7118,7117
7119,7120
7120,7119
7123,7124
7124,7123
7125,7126
7126,7125
7129,7130
7130,7129
7135,7136
7136,7135
7137,7138
7138,7137
7145,7146
7146,7145
7147,7148
7148,7147
7149,7150
7150,7149
7151,7152
7152,7151
7153,7154
7154,7153
7161,7162
7162,7161
7165,7166
7166,7165
7169,7170
7170,7169
7175,7176
7176,7175
7177,7178
7178,7177
7179,7180
7180,7179
7183,7184
7184,7183
7185,7186
7186,7185
7187,7188
7188,7187
7189,7190
7190,7189
7191,7192
7192,7191
7193,7194
7194,7193
7195,7196
7196,7195
7197,7198
7198,7197
7199,7200
7200,7199
7201,7202
7202,7201
7203,7204
7204,7203
7205,7206
7206,7205
7207,7208
7208,7207
7209,7210
7210,7209
7211,7212
7212,7211
7213,7214
7214,7213
7217,7218
7218,7217
7221,7222
7222,7221
7225,7226
7226,7225
7227,7228
7228,7227
7231,7232
7232,7231
7233,7234
7234,7233
7239,7240
7240,7239
7241,7242
7242,7241
7245,7246
7246,7245
7247,7248
7248,7247
7251,7252
7252,7251
7257,7258
7258,7257
7265,7266
7266,7265
7267,7268
7268,7267
7271,7272
7272,7271
7275,7276
7276,7275
7277,7278
7278,7277
7279,7280
7280,7279
7281,7282
7282,7281
7283,7284
7284,7283
7287,7288
7288,7287
7289,7290
7290,7289
7291,7292
7292,7291
7293,7294
7294,7293
7297,7298
7298,7297
7305,7306
7306,7305
7309,7310
7310,7309
7311,7312
7312,7311
7313,7314
7314,7313
7315,7316
7316,7315
7319,7320
7320,7319
7321,7322
7322,7321
7323,7324
7324,7323
7325,7326
7326,7325
7327,7328
7328,7327
7331,7332
7332,7331
7333,7334
7334,7333
7335,7336
7336,7335
7339,7340
7340,7339
7343,7344
7344,7343
7345,7346
7346,7345
7349,7350
7350,7349
7351,7352
7352,7351
7355,7356
7356,7355
7357,7358
7358,7357
7359,7360
7360,7359
7365,7366
7366,7365
7371,7372
7372,7371
7373,7374
7374,7373
7379,7380
7380,7379
7385,7386
7386,7385
7387,7388
7388,7387
7389,7390
7390,7389
7393,7394
7394,7393
7399,7400
7400,7399
7401,7402
7402,7401
7405,7406
7406,7405
7407,7408
7408,7407
7409,7410
7410,7409
7411,7412
7412,7411
7413,7414
7414,7413
7417,7418
7418,7417
7419,7420
7420,7419
7421,7422
7422,7421
7423,7424
7424,7423
7425,7426
7426,7425
7427,7428
7428,7427
7429,7430
7430,7429
7431,7432
7432,7431
7433,7434
7434,7433
7435,7436
7436,7435
7437,7438
7438,7437
7439,7440
7440,7439
7441,7442
7442,7441
7443,7444
7444,7443
7449,7450
7450,7449
7451,7452
7452,7451
7453,7454
7454,7453
7461,7462
7462,7461
7463,7464
7464,7463
7467,7468
7468,7467
7469,7470
7470,7469
7471,7472
7472,7471
7473,7474
7474,7473
7475,7476
7476,7475
7479,7480
7480,7479
7483,7484
7484,7483
7487,7488
7488,7487
7491,7492
7492,7491
7495,7496
7496,7495
7503,7504
7504,7503
7505,7506
7506,7505
7507,7508
7508,7507
7511,7512
7512,7511
7513,7514
7514,7513
7517,7518
7518,7517
7519,7520
7520,7519
7523,7524
7524,7523
7529,7530
7530,7529
7533,7534
7534,7533
7535,7536
7536,7535
7537,7538
7538,7537
7541,7542
7542,7541
7543,7544
7544,7543
7545,7546
7546,7545
7547,7548
7548,7547
7551,7552
7552,7551
7553,7554
7554,7553
7555,7556
7556,7555
7557,7558
7558,7557
7559,7560
7560,7559
7561,7562
7562,7561
7563,7564
7564,7563
7565,7566
7566,7565
7567,7568
7568,7567
7569,7570
7570,7569
7571,7572
7572,7571
7575,7576
7576,7575
7577,7578
7578,7577
7579,7580
7580,7579
7585,7586
7586,7585
7587,7588
7588,7587
7591,7592
7592,7591
7593,7594
7594,7593
7595,7596
7596,7595
7599,7600
7600,7599
7601,7602
7602,7601
7607,7608
7608,7607
7611,7612
7612,7611
7617,7618
7618,7617
7619,7620
7620,7619
7621,7622
7622,7621
7623,7624
7624,7623
7625,7626
7626,7625
7631,7632
7632,7631
7633,7634
7634,7633
7637,7638
7638,7637
7641,7642
7642,7641
7643,7644
7644,7643
7645,7646
7646,7645
7649,7650
7650,7649
7651,7652
7652,7651
7653,7654
7654,7653
7657,7658
7658,7657
7661,7662
7662,7661
7665,7666
7666,7665
7667,7668
7668,7667
7675,7676
7676,7675
7679,7680
7680,7679
7681,7682
7682,7681
7683,7684
7684,7683
7687,7688
7688,7687
7693,7694
7694,7693
7695,7696
7696,7695
7699,7700
7700,7699
7701,7702
7702,7701
7703,7704
7704,7703
7705,7706
7706,7705
7707,7708
7708,7707
7709,7710
7710,7709
7711,7712
7712,7711
7713,7714
7714,7713
7715,7716
7716,7715
7717,7718
7718,7717
7721,7722
7722,7721
7723,7724
7724,7723
7727,7728
7728,7727
7729,7730
7730,7729
7735,7736
7736,7735
7737,7738
7738,7737
7739,7740
7740,7739
7741,7742
7742,7741
7743,7744
7744,7743
7745,7746
7746,7745
7747,7748
7748,7747
7749,7750
7750,7749
7751,7752
7752,7751
7753,7754
7754,7753
7757,7758
7758,7757
7759,7760
7760,7759
7763,7764
7764,7763
7767,7768
7768,7767
7769,7770
7770,7769
7773,7774
7774,7773
7779,7780
7780,7779
7781,7782
7782,7781
7783,7784
7784,7783
7785,7786
7786,7785
7787,7788
7788,7787
7789,7790
7790,7789
7793,7794
7794,7793
7797,7798
7798,7797
7799,7800
7800,7799
7801,7802
7802,7801
7803,7804
7804,7803
7805,7806
7806,7805
7807,7808
7808,7807
7811,7812
7812,7811
7813,7814
7814,7813
7815,7816
7816,7815
7819,7820
7820,7819
7821,7822
7822,7821
7825,7826
7826,7825
7829,7830
7830,7829
7833,7834
7834,7833
7837,7838
7838,7837
7841,7842
7842,7841
7843,7844
7844,7843
7847,7848
7848,7847
7849,7850
7850,7849
7851,7852
7852,7851
7853,7854
7854,7853
7855,7856
7856,7855
7857,7858
7858,7857
7859,7860
7860,7859
7861,7862
7862,7861
7863,7864
7864,7863
7867,7868
7868,7867
7871,7872
7872,7871
7875,7876
7876,7875
7877,7878
7878,7877
7879,7880
7880,7879
7881,7882
7882,7881
7885,7886
7886,7885
7887,7888
7888,7887
7889,7890
7890,7889
7893,7894
7894,7893
7895,7896
7896,7895
7899,7900
7900,7899
7901,7902
7902,7901
7903,7904
7904,7903
7905,7906
7906,7905
7909,7910
7910,7909
7911,7912
7912,7911
7913,7914
7914,7913
7917,7918
7918,7917
7919,7920
7920,7919
7925,7926
7926,7925
7927,7928
7928,7927
7929,7930
7930,7929
7931,7932
7932,7931
7935,7936
7936,7935
7937,7938
7938,7937
7941,7942
7942,7941
7945,7946
7946,7945
7947,7948
7948,7947
7949,7950
7950,7949
7955,7956
7956,7955
7961,7962
7962,7961
7965,7966
7966,7965
7967,7968
7968,7967
7969,7970
7970,7969
7971,7972
7972,7971
7973,7974
7974,7973
7975,7976
7976,7975
7977,7978
7978,7977
7979,7980
7980,7979
7981,7982
7982,7981
7985,7986
7986,7985
7987,7988
7988,7987
7989,7990
7990,7989
7991,7992
7992,7991
7995,7996
7996,7995
7997,7998
7998,7997
7999,8000
8000,7999
8005,8006
8006,8005
8009,8010
8010,8009
8011,8012
8012,8011
8013,8014
8014,8013
8015,8016
8016,8015
8017,8018
8018,8017
8021,8022
8022,8021
8023,8024
8024,8023
8027,8028
8028,8027
8029,8030
8030,8029
8031,8032
8032,8031
8033,8034
8034,8033
8035,8036
8036,8035
8039,8040
8040,8039
8043,8044
8044,8043
8045,8046
8046,8045
8047,8048
8048,8047
8053,8054
8054,8053
8055,8056
8056,8055
8061,8062
8062,8061
8063,8064
8064,8063
8065,8066
8066,8065
8069,8070
8070,8069
8071,8072
8072,8071
8073,8074
8074,8073
8075,8076
8076,8075
8079,8080
8080,8079
8085,8086
8086,8085
8089,8090
8090,8089
8091,8092
8092,8091
8093,8094
8094,8093
8095,8096
8096,8095
8099,8100
8100,8099
8101,8102
8102,8101
8103,8104
8104,8103
8105,8106
8106,8105
8107,8108
8108,8107
8109,8110
8110,8109
8113,8114
8114,8113
8115,8116
8116,8115
8117,8118
8118,8117
8119,8120
8120,8119
8121,8122
8122,8121
8123,8124
8124,8123
8125,8126
8126,8125
8127,8128
8128,8127
8129,8130
8130,8129
8131,8132
8132,8131
8135,8136
8136,8135
8137,8138
8138,8137
8139,8140
8140,8139
8141,8142
8142,8141
8143,8144
8144,8143
8147,8148
8148,8147
8149,8150
8150,8149
8153,8154
8154,8153
8155,8156
8156,8155
8157,8158
8158,8157
8161,8162
8162,8161
8163,8164
8164,8163
8165,8166
8166,8165
8181,8182
8182,8181
8185,8186
8186,8185
8187,8188
8188,8187
8191,8192
8192,8191
8193,8194
8194,8193
8195,8196
8196,8195
8199,8200
8200,8199
8201,8202
8202,8201
8203,8204
8204,8203
8205,8206
8206,8205
8209,8210
8210,8209
8211,8212
8212,8211
8213,8214
8214,8213
8215,8216
8216,8215
8221,8222
8222,8221
8223,8224
8224,8223
8225,8226
8226,8225
8227,8228
8228,8227
8229,8230
8230,8229
8231,8232
8232,8231
8233,8234
8234,8233
8239,8240
8240,8239
8247,8248
8248,8247
8253,8254
8254,8253
8255,8256
8256,8255
8257,8258
8258,8257
8267,8268
8268,8267
8271,8272
8272,8271
8273,8274
8274,8273
8275,8276
8276,8275
8277,8278
8278,8277
8279,8280
8280,8279
8281,8282
8282,8281
8283,8284
8284,8283
8285,8286
8286,8285
8287,8288
8288,8287
8291,8292
8292,8291
8293,8294
8294,8293
8295,8296
8296,8295
8297,8298
8298,8297
8301,8302
8302,8301
8303,8304
8304,8303
8307,8308
8308,8307
8313,8314
8314,8313
8315,8316
8316,8315
8317,8318
8318,8317
8321,8322
8322,8321
8323,8324
8324,8323
8327,8328
8328,8327
8333,8334
8334,8333
8335,8336
8336,8335
8337,8338
8338,8337
8343,8344
8344,8343
8347,8348
8348,8347
8351,8352
8352,8351
8357,8358
8358,8357
8361,8362
8362,8361
8365,8366
8366,8365
8367,8368
8368,8367
8369,8370
8370,8369
8371,8372
8372,8371
8373,8374
8374,8373
8375,8376
8376,8375
8379,8380
8380,8379
8381,8382
8382,8381
8393,8394
8394,8393
8395,8396
8396,8395
8397,8398
8398,8397
8399,8400
8400,8399
8401,8402
8402,8401
8405,8406
8406,8405
8407,8408
8408,8407
8415,8416
8416,8415
8419,8420
8420,8419
8423,8424
8424,8423
8425,8426
8426,8425
8427,8428
8428,8427
8429,8430
8430,8429
8431,8432
8432,8431
8437,8438
8438,8437
8441,8442
8442,8441
8443,8444
8444,8443
8447,8448
8448,8447
8449,8450
8450,8449
8451,8452
8452,8451
8453,8454
8454,8453
8463,8464
8464,8463
8465,8466
8466,8465
8467,8468
8468,8467
8469,8470
8470,8469
8475,8476
8476,8475
8477,8478
8478,8477
8479,8480
8480,8479
8481,8482
8482,8481
8483,8484
8484,8483
8485,8486
8486,8485
8495,8496
8496,8495
8497,8498
8498,8497
8499,8500
8500,8499
8501,8502
8502,8501
8511,8512
8512,8511
8517,8518
8518,8517
8521,8522
8522,8521
8523,8524
8524,8523
8525,8526
8526,8525
8527,8528
8528,8527
8529,8530
8530,8529
8537,8538
8538,8537
8539,8540
8540,8539
8541,8542
8542,8541
8543,8544
8544,8543
8545,8546
8546,8545
8547,8548
8548,8547
8549,8550
8550,8549
8551,8552
8552,8551
8553,8554
8554,8553
8555,8556
8556,8555
8557,8558
8558,8557
8559,8560
8560,8559
8561,8562
8562,8561
8567,8568
8568,8567
8573,8574
8574,8573
8575,8576
8576,8575
8579,8580
8580,8579
8583,8584
8584,8583
8585,8586
8586,8585
8589,8590
8590,8589
8591,8592
8592,8591
8595,8596
8596,8595
8597,8598
8598,8597
8599,8600
8600,8599
8601,8602
8602,8601
8603,8604
8604,8603
8609,8610
8610,8609
8611,8612
8612,8611
8613,8614
8614,8613
8615,8616
8616,8615
8617,8618
8618,8617
8619,8620
8620,8619
8621,8622
8622,8621
8625,8626
8626,8625
8627,8628
8628,8627
8629,8630
8630,8629
8631,8632
8632,8631
8633,8634
8634,8633
8635,8636
8636,8635
8637,8638
8638,8637
8647,8648
8648,8647
8649,8650
8650,8649
8655,8656
8656,8655
8657,8658
8658,8657
8659,8660
8660,8659
8661,8662
8662,8661
8663,8664
8664,8663
8665,8666
8666,8665
8667,8668
8668,8667
8669,8670
8670,8669
8671,8672
8672,8671
8673,8674
8674,8673
8675,8676
8676,8675
8677,8678
8678,8677
8685,8686
8686,8685
8687,8688
8688,8687
8689,8690
8690,8689
8697,8698
8698,8697
8699,8700
8700,8699
8701,8702
8702,8701
8705,8706
8706,8705
8707,8708
8708,8707
8709,8710
8710,8709
8713,8714
8714,8713
8715,8716
8716,8715
8717,8718
8718,8717
8721,8722
8722,8721
8727,8728
8728,8727
8729,8730
8730,8729
8731,8732
8732,8731
8733,8734
8734,8733
8735,8736
8736,8735
8737,8738
8738,8737
8739,8740
8740,8739
8751,8752
8752,8751
8759,8760
8760,8759
8763,8764
8764,8763
8765,8766
8766,8765
8767,8768
8768,8767
8769,8770
8770,8769
8771,8772
8772,8771
8781,8782
8782,8781
8783,8784
8784,8783
8787,8788
8788,8787
8791,8792
8792,8791
8795,8796
8796,8795
8797,8798
8798,8797
8803,8804
8804,8803
8807,8808
8808,8807
8809,8810
8810,8809
8811,8812
8812,8811
8813,8814
8814,8813
8821,8822
8822,8821
8825,8826
8826,8825
8829,8830
8830,8829
8831,8832
8832,8831
8833,8834
8834,8833
8837,8838
8838,8837
8839,8840
8840,8839
8843,8844
8844,8843
8847,8848
8848,8847
8849,8850
8850,8849
8851,8852
8852,8851
8853,8854
8854,8853
8857,8858
8858,8857
8859,8860
8860,8859
8861,8862
8862,8861
8867,8868
8868,8867
8869,8870
8870,8869
8871,8872
8872,8871
8873,8874
8874,8873
8877,8878
8878,8877
8883,8884
8884,8883
8885,8886
8886,8885
8887,8888
8888,8887
8889,8890
8890,8889
8891,8892
8892,8891
8893,8894
8894,8893
8895,8896
8896,8895
8899,8900
8900,8899
8901,8902
8902,8901
8903,8904
8904,8903
8905,8906
8906,8905
8909,8910
8910,8909
8911,8912
8912,8911
8913,8914
8914,8913
8915,8916
8916,8915
8919,8920
8920,8919
8923,8924
8924,8923
8927,8928
8928,8927
8929,8930
8930,8929
8931,8932
8932,8931
8933,8934
8934,8933
8935,8936
8936,8935
8939,8940
8940,8939
8941,8942
8942,8941
8943,8944
8944,8943
8945,8946
8946,8945
8949,8950
8950,8949
8955,8956
8956,8955
8957,8958
8958,8957
8959,8960
8960,8959
8963,8964
8964,8963
8965,8966
8966,8965
8967,8968
8968,8967
8971,8972
8972,8971
8975,8976
8976,8975
8977,8978
8978,8977
8979,8980
8980,8979
8981,8982
8982,8981
8985,8986
8986,8985
8991,8992
8992,8991
8993,8994
8994,8993
8997,8998
8998,8997
9001,9002
9002,9001
9005,9006
9006,9005
9009,9010
9010,9009
9011,9012
9012,9011
9013,9014
9014,9013
9017,9018
9018,9017
9021,9022
9022,9021
9023,9024
9024,9023
9027,9028
9028,9027
9029,9030
9030,9029
9031,9032
9032,9031
9035,9036
9036,9035
9039,9040
9040,9039
9041,9042
9042,9041
9047,9048
9048,9047
9049,9050
9050,9049
9053,9054
9054,9053
9055,9056
9056,9055
9057,9058
9058,9057
9063,9064
9064,9063
9065,9066
9066,9065
9067,9068
9068,9067
9071,9072
9072,9071
9073,9074
9074,9073
9075,9076
9076,9075
9077,9078
9078,9077
9079,9080
9080,9079
9081,9082
9082,9081
9083,9084
9084,9083
9085,9086
9086,9085
9087,9088
9088,9087
9089,9090
9090,9089
9093,9094
9094,9093
9095,9096
9096,9095
9099,9100
9100,9099
9101,9102
9102,9101
9103,9104
9104,9103
9105,9106
9106,9105
9107,9108
9108,9107
9109,9110
9110,9109
9111,9112
9112,9111
9113,9114
9114,9113
9115,9116
9116,9115
9117,9118
9118,9117
9119,9120
9120,9119
9121,9122
9122,9121
9123,9124
9124,9123
9125,9126
9126,9125
9127,9128
9128,9127
9135,9136
9136,9135
9141,9142
9142,9141
9147,9148
9148,9147
9149,9150
9150,9149
9151,9152
9152,9151
9153,9154
9154,9153
9155,9156
9156,9155
9157,9158
9158,9157
9159,9160
9160,9159
9161,9162
9162,9161
9163,9164
9164,9163
9165,9166
9166,9165
9169,9170
9170,9169
9171,9172
9172,9171
9173,9174
9174,9173
9175,9176
9176,9175
9177,9178
9178,9177
9179,9180
9180,9179
9181,9182
9182,9181
9183,9184
9184,9183
9191,9192
9192,9191
9193,9194
9194,9193
9195,9196
9196,9195
9199,9200
9200,9199
9201,9202
9202,9201
9203,9204
9204,9203
9209,9210
9210,9209
9211,9212
9212,9211
9213,9214
9214,9213
9215,9216
9216,9215
9217,9218
9218,9217
9219,9220
9220,9219
9221,9222
9222,9221
9223,9224
9224,9223
9225,9226
9226,9225
9227,9228
9228,9227
9229,9230
9230,9229
9231,9232
9232,9231
9233,9234
9234,9233
9237,9238
9238,9237
9241,9242
9242,9241
9243,9244
9244,9243
9245,9246
9246,9245
9247,9248
9248,9247
9251,9252
9252,9251
9253,9254
9254,9253
9255,9256
9256,9255
9259,9260
9260,9259
9261,9262
9262,9261
9263,9264
9264,9263
9267,9268
9268,9267
9275,9276
9276,9275
9277,9278
9278,9277
9279,9280
9280,9279
9283,9284
9284,9283
9285,9286
9286,9285
9287,9288
9288,9287
9289,9290
9290,9289
9291,9292
9292,9291
9293,9294
9294,9293
9295,9296
9296,9295
9297,9298
9298,9297
9299,9300
9300,9299
9303,9304
9304,9303
9305,9306
9306,9305
9309,9310
9310,9309
9311,9312
9312,9311
9313,9314
9314,9313
9317,9318
9318,9317
9321,9322
9322,9321
9323,9324
9324,9323
9325,9326
9326,9325
9327,9328
9328,9327
9331,9332
9332,9331
9333,9334
9334,9333
9335,9336
9336,9335
9337,9338
9338,9337
9339,9340
9340,9339
9341,9342
9342,9341
9343,9344
9344,9343
9345,9346
9346,9345
9349,9350
9350,9349
9351,9352
9352,9351
9353,9354
9354,9353
9357,9358
9358,9357
9359,9360
9360,9359
9361,9362
9362,9361
9363,9364
9364,9363
9367,9368
9368,9367
9369,9370
9370,9369
9371,9372
9372,9371
9373,9374
9374,9373
9375,9376
9376,9375
9377,9378
9378,9377
9379,9380
9380,9379
9381,9382
9382,9381
9383,9384
9384,9383
9385,9386
9386,9385
9387,9388
9388,9387
9389,9390
9390,9389
9397,9398
9398,9397
9399,9400
9400,9399
9407,9408
9408,9407
9411,9412
9412,9411
9413,9414
9414,9413
9417,9418
9418,9417
9419,9420
9420,9419
9421,9422
9422,9421
9423,9424
9424,9423
9425,9426
9426,9425
9427,9428
9428,9427
9429,9430
9430,9429
9433,9434
9434,9433
9437,9438
9438,9437
9439,9440
9440,9439
9441,9442
9442,9441
9443,9444
9444,9443
9449,9450
9450,9449
9451,9452
9452,9451
9453,9454
9454,9453
9457,9458
9458,9457
9459,9460
9460,9459
9461,9462
9462,9461
9465,9466
9466,9465
9469,9470
9470,9469
9471,9472
9472,9471
9473,9474
9474,9473
9475,9476
9476,9475
9477,9478
9478,9477
9479,9480
9480,9479
9481,9482
9482,9481
9483,9484
9484,9483
9485,9486
9486,9485
9487,9488
9488,9487
9491,9492
9492,9491
9493,9494
9494,9493
9495,9496
9496,9495
9497,9498
9498,9497
9499,9500
9500,9499
9501,9502
9502,9501
9505,9506
9506,9505
9507,9508
9508,9507
9509,9510
9510,9509
9511,9512
9512,9511
9515,9516
9516,9515
9519,9520
9520,9519
9521,9522
9522,9521
9523,9524
9524,9523
9525,9526
9526,9525
9529,9530
9530,9529
9531,9532
9532,9531
9533,9534
9534,9533
9535,9536
9536,9535
9537,9538
9538,9537
9541,9542
9542,9541
9543,9544
9544,9543
9545,9546
9546,9545
9549,9550
9550,9549
9551,9552
9552,9551
9553,9554
9554,9553
9557,9558
9558,9557
9561,9562
9562,9561
9563,9564
9564,9563
9565,9566
9566,9565
9567,9568
9568,9567
9569,9570
9570,9569
9571,9572
9572,9571
9573,9574
9574,9573
9575,9576
9576,9575
9577,9578
9578,9577
9583,9584
9584,9583
9585,9586
9586,9585
9587,9588
9588,9587
9589,9590
9590,9589
9591,9592
9592,9591
9595,9596
9596,9595
9597,9598
9598,9597
9607,9608
9608,9607
9609,9610
9610,9609
9611,9612
9612,9611
9613,9614
9614,9613
9615,9616
9616,9615
9617,9618
9618,9617
9619,9620
9620,9619
9621,9622
9622,9621
9623,9624
9624,9623
9627,9628
9628,9627
9629,9630
9630,9629
9631,9632
9632,9631
9635,9636
9636,9635
9637,9638
9638,9637
9639,9640
9640,9639
9641,9642
9642,9641
9643,9644
9644,9643
9645,9646
9646,9645
9657,9658
9658,9657
9659,9660
9660,9659
9661,9662
9662,9661
9663,9664
9664,9663
9667,9668
9668,9667
9671,9672
9672,9671
9673,9674
9674,9673
9675,9676
9676,9675
9677,9678
9678,9677
9679,9680
9680,9679
9685,9686
9686,9685
9689,9690
9690,9689
9691,9692
9692,9691
9693,9694
9694,9693
9695,9696
9696,9695
9699,9700
9700,9699
9703,9704
9704,9703
9705,9706
9706,9705
9707,9708
9708,9707
9709,9710
9710,9709
9711,9712
9712,9711
9713,9714
9714,9713
9715,9716
9716,9715
9717,9718
9718,9717
9719,9720
9720,9719
9721,9722
9722,9721
9723,9724
9724,9723
9725,9726
9726,9725
9729,9730
9730,9729
9737,9738
9738,9737
9743,9744
9744,9743
9745,9746
9746,9745
9747,9748
9748,9747
9755,9756
9756,9755
9757,9758
9758,9757
9759,9760
9760,9759
9761,9762
9762,9761
9763,9764
9764,9763
9769,9770
9770,9769
9771,9772
9772,9771
9775,9776
9776,9775
9777,9778
9778,9777
9779,9780
9780,9779
9783,9784
9784,9783
9787,9788
9788,9787
9789,9790
9790,9789
9793,9794
9794,9793
9795,9796
9796,9795
9799,9800
9800,9799
9803,9804
9804,9803
9805,9806
9806,9805
9811,9812
9812,9811
9813,9814
9814,9813
9815,9816
9816,9815
9819,9820
9820,9819
9821,9822
9822,9821
9823,9824
9824,9823
9825,9826
9826,9825
9829,9830
9830,9829
9831,9832
9832,9831
9833,9834
9834,9833
9835,9836
9836,9835
9837,9838
9838,9837
9839,9840
9840,9839
9843,9844
9844,9843
9845,9846
9846,9845
9847,9848
9848,9847
9849,9850
9850,9849
9851,9852
9852,9851
9853,9854
9854,9853
9855,9856
9856,9855
9857,9858
9858,9857
9859,9860
9860,9859
9861,9862
9862,9861
9865,9866
9866,9865
9867,9868
9868,9867
9873,9874
9874,9873
9877,9878
9878,9877
9879,9880
9880,9879
9881,9882
9882,9881
9885,9886
9886,9885
9891,9892
9892,9891
9897,9898
9898,9897
9901,9902
9902,9901
9903,9904
9904,9903
9905,9906
9906,9905
9907,9908
9908,9907
9909,9910
9910,9909
9911,9912
9912,9911
9913,9914
9914,9913
9917,9918
9918,9917
9919,9920
9920,9919
9921,9922
9922,9921
9933,9934
9934,9933
9935,9936
9936,9935
9937,9938
9938,9937
9939,9940
9940,9939
9941,9942
9942,9941
9945,9946
9946,9945
9947,9948
9948,9947
9949,9950
9950,9949
9951,9952
9952,9951
9955,9956
9956,9955
9963,9964
9964,9963
9965,9966
9966,9965
9973,9974
9974,9973
9979,9980
9980,9979
9983,9984
9984,9983
9985,9986
9986,9985
9987,9988
9988,9987
9995,9996
9996,9995
9997,9998
9998,9997
9999,10000
10000,9999
10001,10002
10002,10001
10003,10004
10004,10003
10009,10010
10010,10009
10011,10012
10012,10011
10015,10016
10016,10015
10017,10018
10018,10017
10021,10022
10022,10021
10023,10024
10024,10023
10025,10026
10026,10025
10027,10028
10028,10027
10029,10030
10030,10029
10031,10032
10032,10031
10035,10036
10036,10035
10037,10038
10038,10037
10039,10040
10040,10039
10045,10046
10046,10045
10049,10050
10050,10049
10053,10054
10054,10053
10057,10058
10058,10057
10061,10062
10062,10061
10063,10064
10064,10063
10065,10066
10066,10065
10067,10068
10068,10067
10069,10070
10070,10069
10071,10072
10072,10071
10073,10074
10074,10073
10077,10078
10078,10077
10081,10082
10082,10081
10083,10084
10084,10083
10085,10086
10086,10085
10087,10088
10088,10087
10089,10090
10090,10089
10095,10096
10096,10095
10097,10098
10098,10097
10099,10100
10100,10099
10101,10102
10102,10101
10105,10106
10106,10105
10107,10108
10108,10107
10109,10110
10110,10109
10111,10112
10112,10111
10115,10116
10116,10115
10119,10120
10120,10119
10123,10124
10124,10123
10125,10126
10126,10125
10131,10132
10132,10131
10133,10134
10134,10133
10135,10136
10136,10135
10137,10138
10138,10137
10139,10140
10140,10139
10141,10142
10142,10141
10143,10144
10144,10143
10145,10146
10146,10145
10147,10148
10148,10147
10149,10150
10150,10149
10151,10152
10152,10151
10153,10154
10154,10153
10157,10158
10158,10157
10165,10166
10166,10165
10167,10168
10168,10167
10169,10170
10170,10169
10171,10172
10172,10171
10173,10174
10174,10173
10175,10176
10176,10175
10177,10178
10178,10177
10179,10180
10180,10179
10181,10182
10182,10181
10183,10184
10184,10183
10185,10186
10186,10185
10189,10190
10190,10189
10193,10194
10194,10193
10195,10196
10196,10195
10197,10198
10198,10197
10199,10200
10200,10199
10201,10202
10202,10201
10203,10204
10204,10203
10205,10206
10206,10205
10207,10208
10208,10207
10209,10210
10210,10209
10211,10212
10212,10211
10213,10214
10214,10213
10215,10216
10216,10215
10217,10218
10218,10217
10225,10226
10226,10225
10229,10230
10230,10229
10231,10232
10232,10231
10235,10236
10236,10235
10239,10240
10240,10239
10241,10242
10242,10241
10243,10244
10244,10243
10245,10246
10246,10245
10247,10248
10248,10247
10251,10252
10252,10251
10259,10260
10260,10259
10261,10262
10262,10261
10263,10264
10264,10263
10265,10266
10266,10265
10273,10274
10274,10273
10275,10276
10276,10275
10277,10278
10278,10277
10279,10280
10280,10279
10281,10282
10282,10281
10285,10286
10286,10285
10287,10288
10288,10287
10291,10292
10292,10291
10293,10294
10294,10293
10295,10296
10296,10295
10299,10300
10300,10299
10303,10304
10304,10303
10305,10306
10306,10305
10307,10308
10308,10307
10309,10310
10310,10309
10311,10312
10312,10311
10315,10316
10316,10315
10323,10324
10324,10323
10325,10326
10326,10325
10327,10328
10328,10327
10329,10330
10330,10329
10331,10332
10332,10331
10333,10334
10334,10333
10337,10338
10338,10337
10345,10346
10346,10345
10347,10348
10348,10347
10349,10350
10350,10349
10351,10352
10352,10351
10353,10354
10354,10353
10355,10356
10356,10355
10357,10358
10358,10357
10359,10360
10360,10359
10361,10362
10362,10361
10363,10364
10364,10363
10365,10366
10366,10365
10367,10368
10368,10367
10371,10372
10372,10371
10373,10374
10374,10373
10375,10376
10376,10375
10379,10380
10380,10379
10381,10382
10382,10381
10383,10384
10384,10383
10387,10388
10388,10387
10391,10392
10392,10391
10393,10394
10394,10393
10397,10398
10398,10397
10401,10402
10402,10401
10405,10406
10406,10405
10409,10410
10410,10409
10413,10414
10414,10413
10415,10416
10416,10415
10417,10418
10418,10417
10419,10420
10420,10419
10423,10424
10424,10423
10427,10428
10428,10427
10429,10430
10430,10429
10431,10432
10432,10431
10433,10434
10434,10433
10435,10436
10436,10435
10437,10438
10438,10437
10439,10440
10440,10439
10441,10442
10442,10441
10443,10444
10444,10443
10445,10446
10446,10445
10451,10452
10452,10451
10455,10456
10456,10455
10457,10458
10458,10457
10459,10460
10460,10459
10461,10462
10462,10461
10463,10464
10464,10463
10467,10468
10468,10467
10469,10470
10470,10469
10471,10472
10472,10471
10473,10474
10474,10473
10477,10478
10478,10477
10479,10480
10480,10479
10481,10482
10482,10481
10483,10484
10484,10483
10489,10490
10490,10489
10491,10492
10492,10491
10493,10494
10494,10493
10495,10496
10496,10495
10497,10498
10498,10497
10499,10500
10500,10499
10505,10506
10506,10505
10509,10510
10510,10509
10517,10518
10518,10517
10519,10520
10520,10519
10523,10524
10524,10523
10525,10526
10526,10525
10529,10530
10530,10529
10531,10532
10532,10531
10535,10536
10536,10535
10537,10538
10538,10537
10541,10542
10542,10541
10543,10544
10544,10543
10547,10548
10548,10547
10551,10552
10552,10551
10553,10554
10554,10553
10557,10558
10558,10557
10559,10560
10560,10559
10561,10562
10562,10561
10563,10564
10564,10563
10567,10568
10568,10567
10571,10572
10572,10571
10573,10574
10574,10573
10577,10578
10578,10577
10579,10580
10580,10579
10583,10584
10584,10583
10587,10588
10588,10587
10589,10590
10590,10589
10591,10592
10592,10591
10593,10594
10594,10593
10597,10598
10598,10597
10601,10602
10602,10601
10603,10604
10604,10603
10607,10608
10608,10607
10609,10610
10610,10609
10613,10614
10614,10613
10617,10618
10618,10617
10621,10622
10622,10621
10623,10624
10624,10623
10625,10626
10626,10625
10627,10628
10628,10627
10629,10630
10630,10629
10635,10636
10636,10635
10637,10638
10638,10637
10639,10640
10640,10639
10643,10644
10644,10643
10645,10646
10646,10645
10647,10648
10648,10647
10649,10650
10650,10649
10653,10654
10654,10653
10655,10656
10656,10655
10663,10664
10664,10663
10665,10666
10666,10665
10667,10668
10668,10667
10671,10672
10672,10671
10673,10674
10674,10673
10675,10676
10676,10675
10677,10678
10678,10677
10679,10680
10680,10679
10685,10686
10686,10685
10687,10688
10688,10687
10691,10692
10692,10691
10693,10694
10694,10693
10695,10696
10696,10695
10697,10698
10698,10697
10699,10700
10700,10699
10705,10706
10706,10705
10711,10712
10712,10711
10713,10714
10714,10713
10719,10720
10720,10719
10723,10724
10724,10723
10725,10726
10726,10725
10727,10728
10728,10727
10729,10730
10730,10729
10735,10736
10736,10735
10739,10740
10740,10739
10741,10742
10742,10741
10743,10744
10744,10743
10745,10746
10746,10745
10747,10748
10748,10747
10749,10750
10750,10749
10751,10752
10752,10751
10753,10754
10754,10753
10755,10756
10756,10755
10757,10758
10758,10757
10761,10762
10762,10761
10763,10764
10764,10763
10765,10766
10766,10765
10767,10768
10768,10767
10769,10770
10770,10769
10773,10774
10774,10773
10779,10780
10780,10779
10781,10782
10782,10781
10785,10786
10786,10785
10787,10788
10788,10787
10789,10790
10790,10789
10791,10792
10792,10791
10795,10796
10796,10795
10797,10798
10798,10797
10799,10800
10800,10799
10801,10802
10802,10801
10805,10806
10806,10805
10811,10812
10812,10811
10815,10816
10816,10815
10819,10820
10820,10819
10821,10822
10822,10821
10825,10826
10826,10825
10827,10828
10828,10827
10829,10830
10830,10829
10831,10832
10832,10831
10833,10834
10834,10833
10835,10836
10836,10835
10837,10838
10838,10837
10839,10840
10840,10839
10841,10842
10842,10841
10843,10844
10844,10843
10845,10846
10846,10845
10847,10848
10848,10847
10849,10850
10850,10849
10851,10852
10852,10851
10853,10854
10854,10853
10857,10858
10858,10857
10859,10860
10860,10859
10865,10866
10866,10865
10867,10868
10868,10867
10869,10870
10870,10869
10873,10874
10874,10873
10875,10876
10876,10875
10877,10878
10878,10877
10879,10880
10880,10879
10881,10882
10882,10881
10883,10884
10884,10883
10885,10886
10886,10885
10887,10888
10888,10887
10889,10890
10890,10889
10893,10894
10894,10893
10897,10898
10898,10897
10903,10904
10904,10903
10905,10906
10906,10905
10911,10912
10912,10911
10913,10914
10914,10913
10917,10918
10918,10917
10923,10924
10924,10923
10925,10926
10926,10925
10927,10928
10928,10927
10929,10930
10930,10929
10933,10934
10934,10933
10937,10938
10938,10937
10945,10946
10946,10945
10947,10948
10948,10947
10949,10950
10950,10949
10953,10954
10954,10953
10955,10956
10956,10955
10957,10958
10958,10957
10963,10964
10964,10963
10971,10972
10972,10971
10973,10974
10974,10973
10975,10976
10976,10975
10977,10978
10978,10977
10979,10980
10980,10979
10981,10982
10982,10981
10983,10984
10984,10983
10985,10986
10986,10985
10989,10990
10990,10989
10991,10992
10992,10991
10993,10994
10994,10993
10997,10998
10998,10997
10999,11000
11000,10999
11003,11004
11004,11003
11005,11006
11006,11005
11007,11008
11008,11007
11011,11012
11012,11011
11013,11014
11014,11013
11015,11016
11016,11015
11019,11020
11020,11019
11021,11022
11022,11021
11023,11024
11024,11023
11025,11026
11026,11025
11027,11028
11028,11027
11029,11030
11030,11029
11031,11032
11032,11031
11035,11036
11036,11035
11037,11038
11038,11037
11043,11044
11044,11043
11047,11048
11048,11047
11051,11052
11052,11051
11057,11058
11058,11057
11059,11060
11060,11059
11061,11062
11062,11061
11063,11064
11064,11063
11065,11066
11066,11065
11067,11068
11068,11067
11069,11070
11070,11069
11073,11074
11074,11073
11075,11076
11076,11075
11077,11078
11078,11077
11079,11080
11080,11079
11081,11082
11082,11081
11091,11092
11092,11091
11093,11094
11094,11093
11095,11096
11096,11095
11099,11100
11100,11099
11101,11102
11102,11101
11105,11106
11106,11105
11107,11108
11108,11107
11109,11110
11110,11109
11111,11112
11112,11111
11113,11114
11114,11113
11115,11116
11116,11115
11117,11118
11118,11117
11119,11120
11120,11119
11123,11124
11124,11123
11127,11128
11128,11127
11129,11130
11130,11129
11131,11132
11132,11131
11133,11134
11134,11133
11135,11136
11136,11135
11137,11138
11138,11137
11139,11140
11140,11139
11141,11142
11142,11141
11145,11146
11146,11145
11147,11148
11148,11147
11149,11150
11150,11149
11151,11152
11152,11151
11153,11154
11154,11153
11155,11156
11156,11155
11157,11158
11158,11157
11159,11160
11160,11159
11163,11164
11164,11163
11165,11166
11166,11165
11167,11168
11168,11167
11169,11170
11170,11169
11171,11172
11172,11171
11173,11174
11174,11173
11175,11176
11176,11175
11179,11180
11180,11179
11183,11184
11184,11183
11187,11188
11188,11187
11189,11190
11190,11189
11195,11196
11196,11195
11197,11198
11198,11197
11199,11200
11200,11199
11203,11204
11204,11203
11205,11206
11206,11205
11207,11208
11208,11207
11209,11210
11210,11209
11211,11212
11212,11211
11217,11218
11218,11217
11219,11220
11220,11219
11223,11224
11224,11223
11225,11226
11226,11225
11229,11230
11230,11229
11231,11232
11232,11231
11235,11236
11236,11235
11237,11238
11238,11237
11239,11240
11240,11239
11241,11242
11242,11241
11249,11250
11250,11249
11251,11252
11252,11251
11253,11254
11254,11253
11255,11256
11256,11255
11257,11258
11258,11257
11259,11260
11260,11259
11261,11262
11262,11261
11263,11264
11264,11263
11271,11272
11272,11271
11273,11274
11274,11273
11277,11278
11278,11277
11281,11282
11282,11281
11285,11286
11286,11285
11287,11288
11288,11287
11289,11290
11290,11289
11295,11296
11296,11295
11297,11298
11298,11297
11303,11304
11304,11303
11307,11308
11308,11307
11309,11310
11310,11309
11311,11312
11312,11311
11313,11314
11314,11313
11315,11316
11316,11315
11319,11320
11320,11319
11321,11322
11322,11321
11325,11326
11326,11325
11329,11330
11330,11329
11331,11332
11332,11331
11333,11334
11334,11333
11335,11336
11336,11335
11337,11338
11338,11337
11339,11340
11340,11339
11341,11342
11342,11341
11345,11346
11346,11345
11351,11352
11352,11351
11353,11354
11354,11353
11355,11356
11356,11355
11359,11360
11360,11359
11361,11362
11362,11361
11365,11366
11366,11365
11371,11372
11372,11371
11373,11374
11374,11373
11375,11376
11376,11375
11381,11382
11382,11381
11387,11388
11388,11387
11389,11390
11390,11389
11391,11392
11392,11391
11393,11394
11394,11393
11395,11396
11396,11395
11397,11398
11398,11397
11401,11402
11402,11401
11411,11412
11412,11411
11413,11414
11414,11413
11417,11418
11418,11417
11419,11420
11420,11419
11421,11422
11422,11421
11427,11428
11428,11427
11429,11430
11430,11429
11431,11432
11432,11431
11433,11434
11434,11433
11441,11442
11442,11441
11443,11444
11444,11443
11445,11446
11446,11445
11451,11452
11452,11451
11453,11454
11454,11453
11457,11458
11458,11457
11459,11460
11460,11459
11461,11462
11462,11461
11463,11464
11464,11463
11465,11466
11466,11465
11467,11468
11468,11467
11469,11470
11470,11469
11475,11476
11476,11475
11479,11480
11480,11479
11481,11482
11482,11481
11483,11484
11484,11483
11485,11486
11486,11485
11487,11488
11488,11487
11489,11490
11490,11489
11491,11492
11492,11491
11493,11494
11494,11493
11495,11496
11496,11495
11499,11500
11500,11499
11501,11502
11502,11501
11503,11504
11504,11503
11507,11508
11508,11507
11511,11512
11512,11511
11513,11514
11514,11513
11517,11518
11518,11517
11519,11520
11520,11519
11521,11522
11522,11521
11527,11528
11528,11527
11529,11530
11530,11529
11531,11532
11532,11531
11535,11536
11536,11535
11537,11538
11538,11537
11539,11540
11540,11539
11541,11542
11542,11541
11543,11544
11544,11543
11545,11546
11546,11545
11551,11552
11552,11551
11553,11554
11554,11553
11555,11556
11556,11555
11557,11558
11558,11557
11559,11560
11560,11559
11561,11562
11562,11561
11563,11564
11564,11563
11565,11566
11566,11565
11573,11574
11574,11573
11575,11576
11576,11575
11577,11578
11578,11577
11579,11580
11580,11579
11581,11582
11582,11581
11583,11584
11584,11583
11585,11586
11586,11585
11587,11588
11588,11587
11589,11590
11590,11589
11591,11592
11592,11591
11593,11594
11594,11593
11597,11598
11598,11597
11599,11600
11600,11599
